637,960,800
759,976,800
620,997,800
731,1012,800
683,1023,800
508,1024,800
42,1025,800
361,1025,800
475,1029,800
15,1030,800
105,1050,800
52,1053,800
440,1056,800
129,1061,800
114,1072,800
40,1076,800
569,1077,800
106,1081,800
346,1087,800
73,1090,800
396,1093,800
770,1099,800
209,1100,800
716,1101,800
317,1107,800
596,1111,800
756,1121,800
218,1122,800
643,1123,800
723,1125,800
528,1127,800
696,1132,800
96,1133,800
539,1135,800
89,1139,800
763,1142,800
642,1143,800
697,1145,800
334,1146,800
615,1153,800
765,1153,800
470,1154,800
263,1155,800
116,1156,800
327,1157,800
603,1157,800
460,1158,800
676,1161,800
250,1162,800
612,1166,800
365,1168,800
223,1171,800
520,1171,800
553,1172,800
730,1172,800
151,1173,800
153,1173,800
297,1174,800
314,1174,800
552,1174,800
448,1175,800
67,1177,800
424,1180,800
798,1180,800
383,1182,800
165,1183,800
455,1183,800
411,1186,800
748,1187,800
147,1188,800
56,1189,800
617,1189,800
702,1189,800
207,1192,800
108,1193,800
367,1193,800
480,1193,800
300,1195,800
372,1195,800
655,1195,800
767,1198,800
641,1200,800
785,1200,800
196,1202,800
576,1202,800
242,1203,800
373,1203,800
118,1205,800
169,1205,800
454,1206,800
281,1208,800
376,1208,800
363,1209,800
20,1210,800
124,1215,800
241,1215,800
632,1215,800
737,1216,800
668,1217,800
608,1219,800
254,1220,800
537,1220,800
212,1222,800
349,1223,800
565,1224,800
161,1226,800
590,1226,800
788,1226,800
0,1227,800
127,1227,800
264,1228,800
23,1231,800
441,1231,800
506,1231,800
579,1231,800
280,1232,800
122,1233,800
651,1233,800
791,1233,800
718,1234,800
567,1235,800
573,1235,800
796,1235,800
402,1237,800
581,1237,800
202,1240,800
224,1241,800
341,1241,800
789,1241,800
433,1242,800
523,1243,800
792,1243,800
574,1244,800
575,1246,800
783,1246,800
6,1248,800
482,1249,800
712,1249,800
190,1250,800
713,1250,800
19,1251,800
331,1251,800
593,1252,800
414,1257,800
666,1257,800
677,1257,800
269,1258,800
487,1258,800
515,1258,800
378,1259,800
164,1260,800
705,1261,800
77,1262,800
607,1262,800
550,1264,800
592,1266,800
173,1268,800
385,1271,800
337,1272,800
556,1273,800
624,1273,800
66,1274,800
505,1274,800
774,1277,800
456,1279,800
112,1281,800
27,1282,800
623,1285,800
566,1287,800
336,1288,800
84,1289,800
275,1289,800
260,1290,800
491,1290,800
602,1291,800
319,1292,800
195,1293,800
377,1293,800
192,1295,800
123,1297,800
143,1297,800
474,1297,800
492,1297,800
74,1298,800
200,1299,800
371,1299,800
466,1299,800
678,1299,800
221,1300,800
434,1301,800
453,1301,800
392,1305,800
706,1305,800
136,1306,800
517,1306,800
703,1306,800
83,1307,800
442,1307,800
721,1307,800
481,1308,800
43,1309,800
638,1309,800
431,1311,800
682,1311,800
24,1312,800
63,1312,800
619,1313,800
2,1314,800
296,1314,800
303,1314,800
490,1314,800
230,1316,800
585,1316,800
599,1318,800
710,1318,800
724,1318,800
36,1319,800
185,1319,800
187,1319,800
548,1324,800
777,1324,800
660,1325,800
671,1325,800
704,1325,800
162,1327,800
289,1327,800
471,1327,800
514,1327,800
746,1327,800
141,1329,800
191,1329,800
493,1329,800
302,1330,800
629,1330,800
150,1333,800
172,1333,800
328,1333,800
725,1333,800
497,1334,800
604,1334,800
398,1336,800
422,1336,800
463,1337,800
577,1337,800
605,1337,800
479,1338,800
635,1338,800
670,1339,800
521,1341,800
329,1342,800
386,1342,800
499,1342,800
354,1343,800
413,1343,800
78,1344,800
719,1345,800
152,1348,800
613,1348,800
794,1348,800
344,1349,800
30,1350,800
156,1351,800
279,1352,800
368,1353,800
60,1355,800
291,1356,800
436,1356,800
507,1357,800
138,1358,800
535,1358,800
644,1358,800
571,1359,800
11,1360,800
622,1360,800
503,1361,800
447,1362,800
37,1363,800
450,1363,800
546,1363,800
395,1364,800
135,1367,800
768,1367,800
472,1368,800
572,1369,800
298,1370,800
769,1371,800
335,1372,800
787,1372,800
799,1372,800
323,1373,800
47,1374,800
134,1374,800
146,1375,800
778,1375,800
34,1377,800
415,1377,800
216,1378,800
522,1378,800
292,1382,800
315,1382,800
343,1382,800
57,1383,800
246,1383,800
779,1383,800
130,1384,800
519,1385,800
61,1387,800
322,1387,800
597,1390,800
181,1393,800
338,1394,800
97,1395,800
49,1396,800
578,1396,800
87,1398,800
631,1398,800
648,1400,800
58,1401,800
174,1401,800
166,1402,800
324,1402,800
416,1402,800
518,1403,800
543,1403,800
188,1404,800
267,1404,800
391,1404,800
547,1404,800
722,1404,800
439,1405,800
736,1406,800
691,1407,800
35,1408,800
22,1410,800
55,1410,800
526,1410,800
68,1411,800
286,1411,800
793,1412,800
50,1413,800
171,1413,800
339,1413,800
494,1414,800
570,1415,800
711,1416,800
449,1417,800
728,1417,800
512,1418,800
760,1420,800
270,1421,800
295,1421,800
3,1422,800
674,1422,800
688,1423,800
513,1424,800
256,1425,800
273,1425,800
9,1427,800
464,1427,800
486,1427,800
259,1428,800
204,1429,800
243,1430,800
473,1430,800
616,1430,800
540,1431,800
213,1433,800
662,1433,800
715,1433,800
293,1434,800
516,1434,800
159,1435,800
400,1435,800
557,1435,800
595,1435,800
45,1436,800
65,1436,800
25,1437,800
75,1438,800
119,1440,800
446,1444,800
29,1445,800
658,1445,800
772,1445,800
445,1447,800
103,1449,800
589,1449,800
215,1450,800
650,1451,800
326,1452,800
274,1454,800
88,1459,800
673,1460,800
692,1460,800
167,1461,800
374,1461,800
744,1462,800
685,1463,800
81,1465,800
179,1465,800
231,1465,800
251,1465,800
687,1466,800
31,1467,800
665,1467,800
51,1468,800
232,1468,800
312,1468,800
462,1469,800
661,1469,800
369,1470,800
399,1471,800
186,1472,800
628,1472,800
98,1473,800
305,1473,800
438,1473,800
160,1474,800
606,1474,800
176,1476,800
183,1476,800
244,1476,800
738,1477,800
394,1480,800
672,1480,800
48,1481,800
85,1483,800
158,1483,800
393,1486,800
131,1487,800
234,1487,800
389,1487,800
465,1487,800
69,1488,800
379,1488,800
477,1488,800
549,1488,800
580,1488,800
786,1488,800
443,1490,800
545,1491,800
611,1491,800
714,1492,800
370,1493,800
693,1493,800
727,1493,800
751,1493,800
401,1494,800
435,1495,800
795,1495,800
189,1496,800
240,1496,800
527,1496,800
408,1498,800
636,1498,800
634,1501,800
584,1502,800
272,1503,800
318,1504,800
695,1504,800
219,1505,800
276,1505,800
561,1506,800
583,1507,800
352,1508,800
669,1508,800
404,1509,800
26,1511,800
586,1511,800
667,1512,800
252,1514,800
100,1515,800
626,1516,800
225,1517,800
170,1518,800
8,1519,800
310,1519,800
320,1519,800
625,1519,800
91,1520,800
639,1520,800
5,1521,800
380,1521,800
390,1521,800
645,1522,800
148,1523,800
362,1523,800
425,1524,800
330,1525,800
95,1526,800
409,1527,800
258,1528,800
452,1528,800
7,1529,800
529,1530,800
82,1531,800
121,1532,800
502,1532,800
381,1533,800
261,1534,800
699,1534,800
417,1536,800
208,1540,800
235,1540,800
457,1541,800
755,1544,800
701,1545,800
199,1546,800
656,1546,800
511,1548,800
750,1549,800
313,1550,800
10,1551,800
780,1551,800
62,1552,800
325,1552,800
649,1553,800
345,1554,800
306,1555,800
653,1555,800
509,1558,800
17,1563,800
468,1563,800
28,1564,800
33,1564,800
708,1568,800
38,1569,800
444,1569,800
489,1569,800
618,1569,800
388,1573,800
1,1574,800
500,1574,800
652,1574,800
773,1574,800
347,1575,800
542,1575,800
168,1576,800
591,1576,800
239,1577,800
184,1579,800
563,1579,800
709,1580,800
775,1582,800
4,1585,800
627,1585,800
782,1585,800
111,1586,800
739,1586,800
358,1587,800
458,1588,800
640,1588,800
360,1589,800
428,1589,800
654,1589,800
357,1590,800
694,1591,800
142,1594,800
321,1596,800
418,1596,800
524,1596,800
726,1598,800
157,1599,800
684,1600,800
41,1601,800
13,1602,800
403,1602,800
467,1602,800
110,1605,800
12,1606,800
163,1607,800
747,1608,800
307,1610,800
397,1610,800
59,1611,800
155,1611,800
203,1611,800
496,1613,800
117,1614,800
120,1614,800
304,1614,800
271,1615,800
406,1616,800
364,1617,800
614,1618,800
316,1620,800
510,1622,800
664,1622,800
205,1624,800
504,1627,800
175,1628,800
287,1628,800
113,1630,800
299,1631,800
284,1632,800
568,1632,800
228,1634,800
145,1635,800
301,1635,800
429,1637,800
771,1638,800
700,1639,800
227,1642,800
76,1643,800
544,1645,800
430,1646,800
594,1648,800
743,1648,800
197,1649,800
268,1651,800
245,1653,800
182,1655,800
217,1655,800
776,1656,800
536,1659,800
558,1660,800
483,1661,800
588,1662,800
290,1663,800
485,1664,800
348,1665,800
495,1665,800
53,1666,800
420,1666,800
282,1671,800
248,1675,800
340,1677,800
459,1682,800
532,1682,800
32,1685,800
109,1686,800
90,1687,800
601,1688,800
308,1689,800
437,1691,800
461,1692,800
498,1693,800
749,1694,800
382,1695,800
222,1696,800
237,1696,800
478,1696,800
359,1697,800
717,1697,800
735,1699,800
278,1700,800
128,1701,800
647,1703,800
99,1706,800
70,1709,800
144,1712,800
115,1713,800
266,1713,800
342,1713,800
501,1717,800
149,1720,800
285,1724,800
198,1727,800
451,1727,800
720,1729,800
236,1730,800
689,1730,800
732,1730,800
265,1733,800
488,1733,800
137,1735,800
206,1736,800
421,1737,800
752,1738,800
178,1739,800
740,1740,800
412,1741,800
247,1746,800
311,1746,800
92,1748,800
238,1748,800
101,1751,800
690,1752,800
140,1757,800
201,1757,800
387,1761,800
180,1767,800
423,1768,800
610,1768,800
126,1773,800
211,1773,800
762,1773,800
533,1777,800
14,1778,800
255,1779,800
559,1782,800
784,1791,800
531,1792,800
283,1793,800
764,1793,800
541,1800,800
681,1800,800
757,1802,800
102,1806,800
530,1809,800
419,1814,800
426,1814,800
18,1815,800
564,1818,800
46,1824,800
734,1828,800
790,1828,800
551,1831,800
707,1832,800
277,1834,800
407,1834,800
405,1835,800
741,1837,800
675,1845,800
356,1848,800
758,1848,800
484,1850,800
72,1851,800
16,1854,800
582,1862,800
229,1866,800
220,1869,800
39,1870,800
332,1878,800
375,1878,800
733,1885,800
355,1886,800
621,1887,800
132,1889,800
560,1903,800
262,1905,800
646,1912,800
427,1916,800
133,1922,800
698,1931,800
554,1939,800
657,1941,800
21,1945,800
294,1946,800
555,1946,800
64,1957,800
80,1957,800
679,1959,800
476,1963,800
54,1965,800
410,1971,800
257,1976,800
309,1977,800
193,1982,800
210,1982,800
71,1989,800
384,1991,800
93,1995,800
754,1997,800
350,1998,800
781,1999,800
253,2017,800
154,2021,800
562,2025,800
609,2028,800
587,2035,800
214,2037,800
107,2047,800
44,2050,800
633,2054,800
598,2056,800
94,2057,800
469,2059,800
79,2062,800
233,2062,800
333,2062,800
753,2064,800
432,2099,800
226,2100,800
659,2103,800
366,2112,800
104,2126,800
686,2137,800
729,2158,800
742,2159,800
745,2166,800
194,2172,800
525,2174,800
797,2183,800
538,2198,800
125,2213,800
139,2220,800
534,2229,800
766,2242,800
249,2304,800
630,2355,800
680,2359,800
663,2374,800
86,2381,800
351,2396,800
177,2431,800
353,2441,800
600,2468,800
288,2898,800
761,3006,800
