724,1,3,4,3,18.0,44,70,0,1,0.0,1000,6,1,false,73
724,2,6,7,6,36.0,100,70,0,1,0.0,1000,6,1,false,73
724,3,9,10,9,54.0,155,70,0,1,0.0,1000,6,1,false,73
724,4,12,12,12,66.0,188,70,0,1,0.0,1000,6,1,false,73
724,5,15,15,15,84.0,256,70,0,1,0.0,1000,6,1,false,73
724,6,18,18,18,102.0,307,70,0,1,0.0,1000,6,1,false,73
724,7,21,20,21,114.0,333,70,0,1,0.0,1000,6,1,false,73
724,8,24,23,24,132.0,395,70,0,1,0.0,1000,6,1,false,73
724,9,27,26,27,150.0,448,70,0,1,0.0,1000,6,1,false,73
724,10,30,29,30,168.0,510,70,0,1,0.0,1000,6,1,false,73
724,11,33,31,33,180.0,539,70,0,1,0.0,1000,6,1,false,73
724,12,36,34,36,198.0,580,70,0,1,0.0,1000,7,1,false,73
724,13,39,37,39,216.0,632,70,0,1,0.0,1000,6,1,false,73
724,14,42,40,42,234.0,684,70,0,1,0.0,1000,6,1,false,73
724,15,44,42,44,246.0,720,70,0,1,0.0,1000,6,1,false,73
724,16,47,45,47,264.0,781,70,0,1,0.0,1000,6,1,false,73
724,17,50,48,50,282.0,836,70,0,1,0.0,1000,6,1,false,73
724,18,53,51,53,300.0,891,70,0,1,0.0,1000,6,1,false,73
724,19,56,54,56,318.0,943,70,0,1,0.0,1000,6,1,false,73
724,20,59,57,59,336.0,1002,70,0,1,0.0,1000,6,1,false,73
724,21,62,60,62,354.0,1067,70,0,1,0.0,1000,6,1,false,73
724,22,65,63,65,372.0,1123,70,0,1,0.0,1000,6,1,false,73
724,23,68,66,68,390.0,1179,70,0,1,0.0,1000,6,1,false,73
724,24,71,68,71,402.0,1215,70,0,1,0.0,1000,6,1,false,73
724,25,74,71,74,420.0,1273,70,0,1,0.0,1000,6,1,false,73
724,26,77,74,77,438.0,1333,70,0,1,0.0,1000,6,1,false,73
724,27,80,77,80,456.0,1391,70,0,1,0.0,1000,6,1,false,73
724,28,83,79,83,468.0,1426,70,0,1,0.0,1000,6,1,false,73
724,29,86,82,86,486.0,1480,70,0,1,0.0,1000,6,1,false,73
724,30,89,85,89,504.0,1538,70,0,1,0.0,1000,6,1,false,73
724,31,92,87,92,516.0,1578,70,0,1,0.0,1000,6,1,false,73
724,32,95,90,95,534.0,1646,70,0,1,0.0,1000,6,1,false,73
724,33,98,93,98,552.0,1708,70,0,1,0.0,1000,6,1,false,73
724,34,101,95,101,564.0,1751,70,0,1,0.0,1000,6,1,false,73
724,35,104,98,104,582.0,1810,70,0,1,0.0,1000,6,1,false,73
724,36,107,100,107,594.0,1843,70,0,1,0.0,1000,6,1,false,73
724,37,110,101,110,600.0,1869,70,0,1,0.0,1000,6,1,false,73
724,38,113,104,113,618.0,1928,70,0,1,0.0,1000,6,1,false,73
724,39,116,107,116,636.0,1981,70,0,1,0.0,1000,6,1,false,73
724,40,119,110,119,654.0,2033,70,0,1,0.0,1000,6,1,false,73
724,41,122,113,122,672.0,2097,70,0,1,0.0,1000,6,1,false,73
724,42,125,116,125,690.0,2153,70,0,1,0.0,1000,6,1,false,73
724,43,128,119,128,708.0,2197,70,0,1,0.0,1000,6,1,false,73
724,44,131,122,131,726.0,2251,70,0,1,0.0,1000,6,1,false,73
724,45,134,125,134,744.0,2304,70,0,1,0.0,1000,6,1,false,73
724,46,137,128,137,762.0,2357,70,0,1,0.0,1000,6,1,false,73
724,47,140,131,140,780.0,2418,70,0,1,0.0,1000,6,1,false,73
724,48,143,133,143,792.0,2454,70,0,1,0.0,1000,6,1,false,73
724,49,146,136,146,810.0,2511,70,0,1,0.0,1000,6,1,false,73
724,50,149,139,149,828.0,2573,70,0,1,0.0,1000,6,1,false,73
724,51,152,141,152,840.0,2611,70,0,1,0.0,1000,6,1,false,73
724,52,155,143,155,852.0,2644,70,0,1,0.0,1000,6,1,false,73
724,53,158,146,158,870.0,2696,70,0,1,0.0,1000,6,1,false,73
724,54,161,148,161,882.0,2740,70,0,1,0.0,1000,6,1,false,73
724,55,164,150,164,894.0,2782,70,0,1,0.0,1000,6,1,false,73
724,56,167,152,167,906.0,2809,70,0,1,0.0,1000,6,1,false,73
724,57,170,155,170,924.0,2855,70,0,1,0.0,1000,6,1,false,73
724,58,173,158,173,942.0,2918,70,0,1,0.0,1000,6,1,false,73
724,59,176,161,176,960.0,2980,70,0,1,0.0,1000,6,1,false,73
724,60,179,163,179,972.0,3016,70,0,1,0.0,1000,6,1,false,73
724,61,182,166,182,990.0,3071,70,0,1,0.0,1000,6,1,false,73
724,62,185,168,185,1002.0,3110,70,0,1,0.0,1000,6,1,false,73
724,63,188,169,188,1008.0,3130,70,0,1,0.0,1000,6,1,false,73
724,64,191,171,191,1020.0,3172,70,0,1,0.0,1000,6,1,false,73
724,65,194,174,194,1038.0,3227,70,0,1,0.0,1000,6,1,false,73
724,66,197,175,197,1044.0,3240,70,0,1,0.0,1000,6,1,false,73
724,67,200,177,200,1056.0,3273,70,0,1,0.0,1000,6,1,false,73
724,68,203,179,203,1068.0,3310,70,0,1,0.0,1000,6,1,false,73
724,69,206,182,206,1086.0,3364,70,0,1,0.0,1000,6,1,false,73
724,70,209,185,209,1104.0,3433,70,0,1,0.0,1000,6,1,false,73
724,71,212,188,212,1122.0,3493,70,0,1,0.0,1000,6,1,false,73
724,72,215,191,215,1140.0,3554,70,0,1,0.0,1000,6,1,false,73
724,73,218,194,218,1158.0,3605,70,0,1,0.0,1000,6,1,false,73
724,74,221,197,221,1176.0,3664,70,0,1,0.0,1000,6,1,false,73
724,75,224,200,224,1194.0,3718,70,0,1,0.0,1000,6,1,false,73
724,76,227,203,227,1212.0,3771,70,0,1,0.0,1000,6,1,false,73
724,77,230,205,230,1224.0,3814,70,0,1,0.0,1000,6,1,false,73
724,78,233,206,233,1230.0,3835,70,0,1,0.0,1000,6,1,false,73
724,79,236,209,236,1248.0,3889,70,0,1,0.0,1000,6,1,false,73
724,80,239,211,239,1260.0,3928,70,0,1,0.0,1000,6,1,false,73
724,81,242,214,242,1278.0,3978,70,0,1,0.0,1000,6,1,false,73
724,82,245,216,245,1290.0,4019,70,0,1,0.0,1000,6,1,false,73
724,83,248,219,248,1308.0,4073,70,0,1,0.0,1000,6,1,false,73
724,84,251,221,251,1320.0,4117,70,0,1,0.0,1000,6,1,false,73
724,85,254,223,254,1332.0,4158,70,0,1,0.0,1000,6,1,false,73
724,86,257,226,257,1350.0,4206,70,0,1,0.0,1000,6,1,false,73
724,87,260,229,260,1368.0,4263,70,0,1,0.0,1000,6,1,false,73
724,88,263,231,263,1380.0,4300,70,0,1,0.0,1000,6,1,false,73
724,89,266,233,266,1392.0,4329,70,0,1,0.0,1000,6,1,false,73
724,90,269,235,269,1404.0,4363,70,0,1,0.0,1000,6,1,false,73
724,91,272,235,272,1404.0,4363,70,0,1,0.0,1000,6,1,false,73
724,92,275,237,275,1416.0,4393,70,0,1,0.0,1000,6,1,false,73
724,93,278,240,278,1434.0,4450,70,0,1,0.0,1000,6,1,false,73
724,94,281,243,281,1452.0,4497,70,0,1,0.0,1000,6,1,false,73
724,95,284,245,284,1464.0,4538,70,0,1,0.0,1000,6,1,false,73
724,96,287,246,287,1470.0,4560,70,0,1,0.0,1000,6,1,false,73
724,97,290,249,290,1488.0,4624,70,0,1,0.0,1000,6,1,false,73
724,98,293,251,293,1500.0,4660,70,0,1,0.0,1000,6,1,false,73
724,99,296,252,296,1506.0,4681,70,0,1,0.0,1000,6,1,false,73
724,100,299,253,299,1512.0,4705,70,0,1,0.0,1000,6,1,false,73
724,101,302,255,302,1524.0,4751,70,0,1,0.0,1000,6,1,false,73
724,102,305,257,305,1536.0,4793,70,0,1,0.0,1000,6,1,false,73
724,103,308,259,308,1548.0,4835,70,0,1,0.0,1000,6,1,false,73
724,104,311,262,311,1566.0,4909,70,0,1,0.0,1000,6,1,false,73
724,105,314,264,314,1578.0,4948,70,0,1,0.0,1000,6,1,false,73
724,106,317,265,317,1584.0,4969,70,0,1,0.0,1000,6,1,false,73
724,107,320,268,320,1602.0,5027,70,0,1,0.0,1000,6,1,false,73
724,108,323,270,323,1614.0,5069,70,0,1,0.0,1000,6,1,false,73
724,109,326,272,326,1626.0,5111,70,0,1,0.0,1000,6,1,false,73
724,110,329,274,329,1638.0,5143,70,0,1,0.0,1000,6,1,false,73
724,111,332,276,332,1650.0,5181,70,0,1,0.0,1000,6,1,false,73
724,112,335,279,335,1668.0,5236,70,0,1,0.0,1000,6,1,false,73
724,113,338,281,338,1680.0,5273,70,0,1,0.0,1000,6,1,false,73
724,114,341,283,341,1692.0,5322,70,0,1,0.0,1000,6,1,false,73
724,115,344,286,344,1710.0,5378,70,0,1,0.0,1000,6,1,false,73
724,116,347,289,347,1728.0,5441,70,0,1,0.0,1000,6,1,false,73
724,117,350,291,350,1740.0,5480,70,0,1,0.0,1000,6,1,false,73
724,118,353,294,353,1758.0,5549,70,0,1,0.0,1000,6,1,false,73
724,119,356,297,356,1776.0,5608,70,0,1,0.0,1000,6,1,false,73
724,120,359,298,359,1782.0,5632,70,0,1,0.0,1000,6,1,false,73
724,121,362,300,362,1794.0,5670,70,0,1,0.0,1000,6,1,false,73
724,123,368,305,368,1824.0,5755,70,0,1,0.0,1000,6,1,false,73
724,123,368,305,368,1824.0,5755,70,0,1,0.0,1000,6,1,false,73
724,124,371,306,371,1830.0,5777,70,0,1,0.0,1000,6,1,false,73
724,125,374,308,374,1842.0,5825,70,0,1,0.0,1000,6,1,false,73
724,126,377,309,377,1848.0,5843,70,0,1,0.0,1000,6,1,false,73
724,127,380,310,380,1854.0,5859,70,0,1,0.0,1000,6,1,false,73
724,128,382,312,382,1866.0,5901,70,0,1,0.0,1000,6,1,false,73
724,129,385,315,385,1884.0,5957,70,0,1,0.0,1000,6,1,false,73
724,130,388,317,388,1896.0,5995,70,0,1,0.0,1000,6,1,false,73
724,131,391,319,391,1908.0,6033,70,0,1,0.0,1000,7,1,false,73
724,132,394,321,394,1920.0,6075,70,0,1,0.0,1000,6,1,false,73
724,133,397,323,397,1932.0,6117,70,0,1,0.0,1000,6,1,false,73
724,134,400,326,400,1950.0,6168,70,0,1,0.0,1000,6,1,false,73
724,135,403,329,403,1968.0,6236,70,0,1,0.0,1000,6,1,false,73
724,136,407,333,407,1992.0,6309,70,0,1,0.0,1000,6,1,false,73
724,137,410,335,410,2004.0,6350,70,0,1,0.0,1000,6,1,false,73
724,139,416,338,416,2022.0,6401,70,0,1,0.0,1000,6,1,false,73
724,139,416,338,416,2022.0,6401,70,0,1,0.0,1000,6,1,false,73
724,140,419,341,419,2040.0,6445,70,0,1,0.0,1000,6,1,false,73
724,141,422,341,422,2040.0,6445,70,0,1,0.0,1000,6,1,false,73
724,142,425,341,425,2040.0,6445,70,0,1,0.0,1000,6,1,false,73
724,143,428,343,428,2052.0,6482,70,0,1,0.0,1000,6,1,false,73
724,144,431,344,431,2058.0,6497,70,0,1,0.0,1000,6,1,false,73
724,145,434,347,434,2076.0,6564,70,0,1,0.0,1000,6,1,false,73
724,146,437,350,437,2094.0,6637,70,0,1,0.0,1000,6,1,false,73
724,147,440,352,440,2106.0,6683,70,0,1,0.0,1000,6,1,false,73
724,148,443,354,443,2118.0,6723,70,0,1,0.0,1000,6,1,false,73
724,149,446,356,446,2130.0,6758,70,0,1,0.0,1000,6,1,false,73
724,150,449,358,449,2142.0,6795,70,0,1,0.0,1000,6,1,false,73
724,151,452,360,452,2154.0,6842,70,0,1,0.0,1000,6,1,false,73
724,152,455,361,455,2160.0,6866,70,0,1,0.0,1000,6,1,false,73
724,153,458,362,458,2166.0,6887,70,0,1,0.0,1000,6,1,false,73
724,154,461,365,461,2184.0,6940,70,0,1,0.0,1000,6,1,false,73
724,155,464,368,464,2202.0,6995,70,0,1,0.0,1000,6,1,false,73
724,156,467,370,467,2214.0,7032,70,0,1,0.0,1000,6,1,false,73
724,157,470,372,470,2226.0,7078,70,0,1,0.0,1000,6,1,false,73
724,158,473,375,473,2244.0,7136,70,0,1,0.0,1000,6,1,false,73
724,159,476,376,476,2250.0,7147,70,0,1,0.0,1000,6,1,false,73
724,160,479,378,479,2262.0,7179,70,0,1,0.0,1000,6,1,false,73
724,161,482,380,482,2274.0,7221,70,0,1,0.0,1000,6,1,false,73
724,162,485,380,485,2274.0,7221,70,0,1,0.0,1000,6,1,false,73
724,163,488,382,488,2286.0,7260,70,0,1,0.0,1000,6,1,false,73
724,164,491,384,491,2298.0,7292,70,0,1,0.0,1000,6,1,false,73
724,165,494,385,494,2304.0,7306,70,0,1,0.0,1000,6,1,false,73
724,166,497,388,497,2322.0,7376,70,0,1,0.0,1000,6,1,false,73
724,167,500,390,500,2334.0,7412,70,0,1,0.0,1000,6,1,false,73
724,168,503,393,503,2352.0,7472,70,0,1,0.0,1000,6,1,false,73
724,169,506,394,506,2358.0,7496,70,0,1,0.0,1000,6,1,false,73
724,170,509,396,509,2370.0,7529,70,0,1,0.0,1000,6,1,false,73
724,171,512,398,512,2382.0,7570,70,0,1,0.0,1000,6,1,false,73
724,172,514,399,514,2388.0,7590,70,0,1,0.0,1000,6,1,false,73
724,173,517,401,517,2400.0,7632,70,0,1,0.0,1000,6,1,false,73
724,174,520,401,520,2400.0,7632,70,0,1,0.0,1000,6,1,false,73
724,175,523,404,523,2418.0,7692,70,0,1,0.0,1000,6,1,false,73
724,176,525,405,525,2424.0,7709,70,0,1,0.0,1000,6,1,false,73
724,177,529,408,529,2442.0,7763,70,0,1,0.0,1000,6,1,false,73
724,178,532,410,532,2454.0,7794,70,0,1,0.0,1000,6,1,false,73
724,179,535,412,535,2466.0,7819,70,0,1,0.0,1000,6,1,false,73
724,180,538,414,538,2478.0,7868,70,0,1,0.0,1000,6,1,false,73
724,181,541,416,541,2490.0,7911,70,0,1,0.0,1000,6,1,false,73
724,182,544,418,544,2502.0,7957,70,0,1,0.0,1000,6,1,false,73
724,183,547,421,547,2520.0,8024,70,0,1,0.0,1000,6,1,false,73
724,184,550,423,550,2532.0,8074,70,0,1,0.0,1000,6,1,false,73
724,185,553,424,553,2538.0,8100,70,0,1,0.0,1000,6,1,false,73
724,186,556,426,556,2550.0,8136,70,0,1,0.0,1000,6,1,false,73
724,187,559,427,559,2556.0,8156,70,0,1,0.0,1000,6,1,false,73
724,188,561,429,561,2568.0,8201,70,0,1,0.0,1000,6,1,false,73
724,189,565,429,565,2568.0,8201,70,0,1,0.0,1000,6,1,false,73
724,190,568,430,568,2574.0,8226,70,0,1,0.0,1000,6,1,false,73
724,191,571,430,571,2574.0,8226,70,0,1,0.0,1000,6,1,false,73
724,192,574,431,574,2580.0,8247,70,0,1,0.0,1000,6,1,false,73
724,193,577,432,577,2586.0,8274,70,0,1,0.0,1000,6,1,false,73
724,194,580,435,580,2604.0,8332,70,0,1,0.0,1000,6,1,false,73
724,195,583,437,583,2616.0,8366,70,0,1,0.0,1000,6,1,false,73
724,196,586,439,586,2628.0,8419,70,0,1,0.0,1000,6,1,false,73
724,197,589,441,589,2640.0,8457,70,0,1,0.0,1000,6,1,false,73
724,198,592,442,592,2646.0,8478,70,0,1,0.0,1000,6,1,false,73
724,199,595,444,595,2658.0,8515,70,0,1,0.0,1000,6,1,false,73
724,200,598,445,598,2664.0,8531,70,0,1,0.0,1000,6,1,false,73
724,201,601,447,601,2676.0,8569,70,0,1,0.0,1000,6,1,false,73
724,202,604,447,604,2676.0,8569,70,0,1,0.0,1000,6,1,false,73
724,203,608,450,608,2694.0,8628,70,0,1,0.0,1000,7,1,false,73
724,204,611,453,611,2712.0,8678,70,0,1,0.0,1000,6,1,false,73
724,205,614,453,614,2712.0,8678,70,0,1,0.0,1000,6,1,false,73
724,206,617,455,617,2724.0,8712,70,0,1,0.0,1000,6,1,false,73
724,207,620,456,620,2730.0,8731,70,0,1,0.0,1000,6,1,false,73
724,208,623,458,623,2742.0,8763,70,0,1,0.0,1000,6,1,false,73
724,209,626,458,626,2742.0,8763,70,0,1,0.0,1000,6,1,false,73
724,210,629,458,629,2742.0,8763,70,0,1,0.0,1000,6,1,false,73
724,211,632,459,632,2748.0,8779,70,0,1,0.0,1000,6,1,false,73
724,212,635,460,635,2754.0,8801,70,0,1,0.0,1000,6,1,false,73
724,213,638,462,638,2766.0,8835,70,0,1,0.0,1000,6,1,false,73
724,214,641,463,641,2772.0,8852,70,0,1,0.0,1000,6,1,false,73
724,215,644,465,644,2784.0,8891,70,0,1,0.0,1000,6,1,false,73
724,216,647,467,647,2796.0,8926,70,0,1,0.0,1000,6,1,false,73
724,217,650,467,650,2796.0,8926,70,0,1,0.0,1000,6,1,false,73
724,218,654,469,654,2808.0,8976,70,0,1,0.0,1000,6,1,false,73
724,219,657,469,657,2808.0,8976,70,0,1,0.0,1000,7,1,false,73
724,220,660,471,660,2820.0,9014,70,0,1,0.0,1000,6,1,false,73
724,221,663,474,663,2838.0,9065,70,0,1,0.0,1000,6,1,false,73
724,222,666,474,666,2838.0,9065,70,0,1,0.0,1000,6,1,false,73
724,223,669,477,669,2856.0,9124,70,0,1,0.0,1000,6,1,false,73
724,224,672,479,672,2868.0,9153,70,0,1,0.0,1000,6,1,false,73
724,225,675,481,675,2880.0,9185,70,0,1,0.0,1000,6,1,false,73
724,226,678,482,678,2886.0,9202,70,0,1,0.0,1000,6,1,false,73
724,227,681,484,681,2898.0,9238,70,0,1,0.0,1000,6,1,false,73
724,228,684,486,684,2910.0,9283,70,0,1,0.0,1000,6,1,false,73
724,229,687,489,687,2928.0,9330,70,0,1,0.0,1000,6,1,false,73
724,230,690,490,690,2934.0,9346,70,0,1,0.0,1000,6,1,false,73
724,231,693,493,693,2952.0,9403,70,0,1,0.0,1000,6,1,false,73
724,232,696,493,696,2952.0,9403,70,0,1,0.0,1000,6,1,false,73
724,233,699,494,699,2958.0,9425,70,0,1,0.0,1000,6,1,false,73
724,234,702,495,702,2964.0,9448,70,0,1,0.0,1000,6,1,false,73
724,235,705,495,705,2964.0,9448,70,0,1,0.0,1000,6,1,false,73
724,236,708,497,708,2976.0,9494,70,0,1,0.0,1000,6,1,false,73
724,237,711,499,711,2988.0,9534,70,0,1,0.0,1000,6,1,false,73
724,238,714,500,714,2994.0,9552,70,0,1,0.0,1000,6,1,false,73
724,239,717,501,717,3000.0,9572,70,0,1,0.0,1000,6,1,false,73
724,240,720,503,720,3012.0,9609,70,0,1,0.0,1000,6,1,false,73
724,241,723,506,723,3030.0,9669,70,0,1,0.0,1000,6,1,false,73
724,242,725,507,725,3036.0,9691,70,0,1,0.0,1000,6,1,false,73
724,243,728,507,728,3036.0,9691,70,0,1,0.0,1000,6,1,false,73
724,244,731,509,731,3048.0,9728,70,0,1,0.0,1000,6,1,false,73
724,245,734,510,734,3054.0,9749,70,0,1,0.0,1000,6,1,false,73
724,246,737,512,737,3066.0,9793,70,0,1,0.0,1000,6,1,false,73
724,247,740,514,740,3078.0,9837,70,0,1,0.0,1000,6,1,false,73
724,248,743,515,743,3084.0,9855,70,0,1,0.0,1000,6,1,false,73
724,249,746,515,746,3084.0,9855,70,0,1,0.0,1000,6,1,false,73
724,250,749,516,749,3090.0,9874,70,0,1,0.0,1000,6,1,false,73
724,251,752,516,752,3090.0,9874,70,0,1,0.0,1000,6,1,false,73
724,252,755,518,755,3102.0,9917,70,0,1,0.0,1000,6,1,false,73
724,253,758,520,758,3114.0,9952,70,0,1,0.0,1000,6,1,false,73
724,254,761,522,761,3126.0,9985,70,0,1,0.0,1000,6,1,false,73
724,255,764,524,764,3138.0,10031,70,0,1,0.0,1000,6,1,false,73
724,256,767,525,767,3144.0,10056,70,0,1,0.0,1000,6,1,false,73
724,257,770,527,770,3156.0,10095,70,0,1,0.0,1000,6,1,false,73
724,258,773,528,773,3162.0,10115,70,0,1,0.0,1000,6,1,false,73
724,259,776,530,776,3174.0,10148,70,0,1,0.0,1000,6,1,false,73
724,260,779,532,779,3186.0,10185,70,0,1,0.0,1000,6,1,false,73
724,261,782,534,782,3198.0,10221,70,0,1,0.0,1000,6,1,false,73
724,262,785,534,785,3198.0,10221,70,0,1,0.0,1000,6,1,false,73
724,263,788,537,788,3216.0,10291,70,0,1,0.0,1000,6,1,false,73
724,264,791,538,791,3222.0,10315,70,0,1,0.0,1000,6,1,false,73
724,265,794,539,794,3228.0,10345,70,0,1,0.0,1000,6,1,false,73
724,266,797,540,797,3234.0,10364,70,0,1,0.0,1000,6,1,false,73
724,267,800,540,800,3234.0,10364,70,0,1,0.0,1000,6,1,false,73
724,268,803,540,803,3234.0,10364,70,0,1,0.0,1000,6,1,false,73
724,269,806,541,806,3240.0,10382,70,0,1,0.0,1000,6,1,false,73
724,270,809,541,809,3240.0,10382,70,0,1,0.0,1000,6,1,false,73
724,271,812,543,812,3252.0,10417,70,0,1,0.0,1000,6,1,false,73
724,272,815,544,815,3258.0,10429,70,0,1,0.0,1000,6,1,false,73
724,273,818,546,818,3270.0,10464,70,0,1,0.0,1000,6,1,false,73
724,274,821,547,821,3276.0,10482,70,0,1,0.0,1000,6,1,false,73
724,275,824,549,824,3288.0,10520,70,0,1,0.0,1000,6,1,false,73
724,276,827,551,827,3300.0,10560,70,0,1,0.0,1000,6,1,false,73
724,277,830,554,830,3318.0,10617,70,0,1,0.0,1000,6,1,false,73
724,278,833,555,833,3324.0,10636,70,0,1,0.0,1000,6,1,false,73
724,279,836,557,836,3336.0,10677,70,0,1,0.0,1000,6,1,false,73
724,280,839,559,839,3348.0,10717,70,0,1,0.0,1000,6,1,false,73
724,281,842,562,842,3366.0,10767,70,0,1,0.0,1000,6,1,false,73
724,282,845,564,845,3378.0,10803,70,0,1,0.0,1000,6,1,false,73
724,283,848,565,848,3384.0,10825,70,0,1,0.0,1000,6,1,false,73
724,284,851,566,851,3390.0,10850,70,0,1,0.0,1000,6,1,false,73
724,285,854,568,854,3402.0,10879,70,0,1,0.0,1000,6,1,false,73
724,286,857,570,857,3414.0,10927,70,0,1,0.0,1000,6,1,false,73
724,287,860,572,860,3426.0,10961,70,0,1,0.0,1000,6,1,false,73
724,288,863,573,863,3432.0,10981,70,0,1,0.0,1000,6,1,false,73
724,289,866,574,866,3438.0,10994,70,0,1,0.0,1000,6,1,false,73
724,290,869,575,869,3444.0,11011,70,0,1,0.0,1000,6,1,false,73
724,291,872,576,872,3450.0,11028,70,0,1,0.0,1000,6,1,false,73
724,292,875,577,875,3456.0,11045,70,0,1,0.0,1000,6,1,false,73
724,293,878,578,878,3462.0,11067,70,0,1,0.0,1000,6,1,false,73
724,294,881,581,881,3480.0,11116,70,0,1,0.0,1000,6,1,false,73
724,295,884,584,884,3498.0,11182,70,0,1,0.0,1000,6,1,false,73
724,296,887,586,887,3510.0,11217,70,0,1,0.0,1000,6,1,false,73
724,297,890,587,890,3516.0,11236,70,0,1,0.0,1000,6,1,false,73
724,298,893,588,893,3522.0,11249,70,0,1,0.0,1000,6,1,false,73
724,299,895,588,895,3522.0,11249,70,0,1,0.0,1000,6,1,false,73
724,300,898,590,898,3534.0,11291,70,0,1,0.0,1000,6,1,false,73
724,301,901,590,901,3534.0,11291,70,0,1,0.0,1000,6,1,false,73
724,302,904,591,904,3540.0,11309,70,0,1,0.0,1000,6,1,false,73
724,303,907,592,907,3546.0,11338,70,0,1,0.0,1000,6,1,false,73
724,304,910,593,910,3552.0,11358,70,0,1,0.0,1000,6,1,false,73
724,305,913,595,913,3564.0,11395,70,0,1,0.0,1000,6,1,false,73
724,306,916,597,916,3576.0,11433,70,0,1,0.0,1000,6,1,false,73
724,307,920,599,920,3588.0,11470,70,0,1,0.0,1000,7,1,false,73
724,308,923,599,923,3588.0,11470,70,0,1,0.0,1000,6,1,false,73
724,309,926,600,926,3594.0,11489,70,0,1,0.0,1000,6,1,false,73
724,310,929,601,929,3600.0,11507,70,0,1,0.0,1000,6,1,false,73
724,311,932,603,932,3612.0,11538,70,0,1,0.0,1000,6,1,false,73
724,312,935,604,935,3618.0,11562,70,0,1,0.0,1000,6,1,false,73
724,313,938,605,938,3624.0,11576,70,0,1,0.0,1000,6,1,false,73
724,314,941,605,941,3624.0,11576,70,0,1,0.0,1000,6,1,false,73
724,315,944,605,944,3624.0,11576,70,0,1,0.0,1000,6,1,false,73
724,316,947,607,947,3636.0,11620,70,0,1,0.0,1000,6,1,false,73
724,317,950,609,950,3648.0,11658,70,0,1,0.0,1000,6,1,false,73
724,318,953,611,953,3660.0,11692,70,0,1,0.0,1000,6,1,false,73
724,319,956,612,956,3666.0,11707,70,0,1,0.0,1000,6,1,false,73
724,320,959,613,959,3672.0,11727,70,0,1,0.0,1000,6,1,false,73
724,321,962,614,962,3678.0,11748,70,0,1,0.0,1000,6,1,false,73
724,322,965,616,965,3690.0,11788,70,0,1,0.0,1000,6,1,false,73
724,323,968,617,968,3696.0,11815,70,0,1,0.0,1000,6,1,false,73
724,324,971,619,971,3708.0,11858,70,0,1,0.0,1000,6,1,false,73
724,325,974,621,974,3720.0,11899,70,0,1,0.0,1000,6,1,false,73
724,326,977,621,977,3720.0,11899,70,0,1,0.0,1000,6,1,false,73
724,327,980,621,980,3720.0,11899,70,0,1,0.0,1000,6,1,false,73
724,328,983,622,983,3726.0,11917,70,0,1,0.0,1000,6,1,false,73
724,329,986,623,986,3732.0,11938,70,0,1,0.0,1000,6,1,false,73
724,330,989,624,989,3738.0,11958,70,0,1,0.0,1000,6,1,false,73
724,331,992,624,992,3738.0,11958,70,0,1,0.0,1000,6,1,false,73
724,332,995,626,995,3750.0,11999,70,0,1,0.0,1000,6,1,false,73
724,333,998,627,998,3756.0,12022,70,0,1,0.0,1000,6,1,false,73
724,334,1001,629,1001,3768.0,12060,70,0,1,0.0,1000,6,1,false,73
724,335,1004,629,1004,3768.0,12060,70,0,1,0.0,1000,6,1,false,73
724,336,1007,631,1007,3780.0,12098,70,0,1,0.0,1000,6,1,false,73
724,337,1010,632,1010,3786.0,12120,70,0,1,0.0,1000,6,1,false,73
724,338,1013,633,1013,3792.0,12139,70,0,1,0.0,1000,6,1,false,73
724,339,1016,634,1016,3798.0,12157,70,0,1,0.0,1000,6,1,false,73
724,340,1019,635,1019,3804.0,12169,70,0,1,0.0,1000,6,1,false,73
724,341,1022,636,1022,3810.0,12181,70,0,1,0.0,1000,6,1,false,73
724,342,1025,639,1025,3828.0,12238,70,0,1,0.0,1000,6,1,false,73
724,343,1028,641,1028,3840.0,12282,70,0,1,0.0,1000,6,1,false,73
724,344,1031,643,1031,3852.0,12323,70,0,1,0.0,1000,6,1,false,73
724,345,1034,643,1034,3852.0,12323,70,0,1,0.0,1000,6,1,false,73
724,346,1037,644,1037,3858.0,12339,70,0,1,0.0,1000,6,1,false,73
724,347,1040,647,1040,3876.0,12397,70,0,1,0.0,1000,6,1,false,73
724,348,1043,647,1043,3876.0,12397,70,0,1,0.0,1000,6,1,false,73
724,349,1046,647,1046,3876.0,12397,70,0,1,0.0,1000,6,1,false,73
724,350,1049,648,1049,3882.0,12416,70,0,1,0.0,1000,6,1,false,73
724,351,1052,648,1052,3882.0,12416,70,0,1,0.0,1000,6,1,false,73
724,352,1055,648,1055,3882.0,12416,70,0,1,0.0,1000,6,1,false,73
724,353,1058,649,1058,3888.0,12437,70,0,1,0.0,1000,6,1,false,73
724,354,1061,650,1061,3894.0,12460,70,0,1,0.0,1000,6,1,false,73
724,355,1064,651,1064,3900.0,12477,70,0,1,0.0,1000,6,1,false,73
724,356,1067,651,1067,3900.0,12477,70,0,1,0.0,1000,6,1,false,73
724,357,1070,652,1070,3906.0,12497,70,0,1,0.0,1000,6,1,false,73
724,358,1073,652,1073,3906.0,12497,70,0,1,0.0,1000,6,1,false,73
724,359,1076,653,1076,3912.0,12517,70,0,1,0.0,1000,6,1,false,73
724,360,1079,655,1079,3924.0,12552,70,0,1,0.0,1000,6,1,false,73
724,361,1082,656,1082,3930.0,12572,70,0,1,0.0,1000,6,1,false,73
724,362,1085,657,1085,3936.0,12588,70,0,1,0.0,1000,6,1,false,73
724,363,1088,659,1088,3948.0,12630,70,0,1,0.0,1000,6,1,false,73
724,364,1091,660,1091,3954.0,12656,70,0,1,0.0,1000,6,1,false,73
724,365,1094,662,1094,3966.0,12694,70,0,1,0.0,1000,6,1,false,73
724,366,1097,662,1097,3966.0,12694,70,0,1,0.0,1000,6,1,false,73
724,367,1100,663,1100,3972.0,12723,70,0,1,0.0,1000,6,1,false,73
724,368,1103,665,1103,3984.0,12766,70,0,1,0.0,1000,6,1,false,73
724,369,1106,665,1106,3984.0,12766,70,0,1,0.0,1000,6,1,false,73
724,370,1109,667,1109,3996.0,12801,70,0,1,0.0,1000,6,1,false,73
724,371,1112,667,1112,3996.0,12801,70,0,1,0.0,1000,6,1,false,73
724,372,1115,669,1115,4008.0,12846,70,0,1,0.0,1000,6,1,false,73
724,373,1118,670,1118,4014.0,12866,70,0,1,0.0,1000,6,1,false,73
724,374,1121,671,1121,4020.0,12885,70,0,1,0.0,1000,6,1,false,73
724,375,1124,672,1124,4026.0,12910,70,0,1,0.0,1000,6,1,false,73
724,376,1127,673,1127,4032.0,12931,70,0,1,0.0,1000,6,1,false,73
724,377,1130,675,1130,4044.0,12967,70,0,1,0.0,1000,6,1,false,73
724,378,1133,676,1133,4050.0,12990,70,0,1,0.0,1000,6,1,false,73
724,379,1136,677,1136,4056.0,13014,70,0,1,0.0,1000,6,1,false,73
724,380,1139,678,1139,4062.0,13029,70,0,1,0.0,1000,6,1,false,73
724,381,1142,678,1142,4062.0,13029,70,0,1,0.0,1000,6,1,false,73
724,382,1145,678,1145,4062.0,13029,70,0,1,0.0,1000,6,1,false,73
724,383,1148,678,1148,4062.0,13029,70,0,1,0.0,1000,6,1,false,73
724,384,1151,680,1151,4074.0,13066,70,0,1,0.0,1000,6,1,false,73
724,385,1154,682,1154,4086.0,13109,70,0,1,0.0,1000,6,1,false,73
724,386,1157,684,1157,4098.0,13152,70,0,1,0.0,1000,6,1,false,73
724,387,1160,685,1160,4104.0,13170,70,0,1,0.0,1000,6,1,false,73
724,388,1163,686,1163,4110.0,13190,70,0,1,0.0,1000,6,1,false,73
724,389,1166,687,1166,4116.0,13205,70,0,1,0.0,1000,6,1,false,73
724,390,1169,688,1169,4122.0,13219,70,0,1,0.0,1000,6,1,false,73
724,391,1172,688,1172,4122.0,13219,70,0,1,0.0,1000,6,1,false,73
724,392,1175,690,1175,4134.0,13261,70,0,1,0.0,1000,6,1,false,73
724,393,1178,692,1178,4146.0,13295,70,0,1,0.0,1000,6,1,false,73
724,394,1181,693,1181,4152.0,13317,70,0,1,0.0,1000,6,1,false,73
724,395,1184,693,1184,4152.0,13317,70,0,1,0.0,1000,6,1,false,73
724,396,1187,694,1187,4158.0,13329,70,0,1,0.0,1000,6,1,false,73
724,397,1190,695,1190,4164.0,13345,70,0,1,0.0,1000,6,1,false,73
724,398,1193,695,1193,4164.0,13345,70,0,1,0.0,1000,6,1,false,73
724,399,1196,697,1196,4176.0,13382,70,0,1,0.0,1000,6,1,false,73
724,400,1199,698,1199,4182.0,13401,70,0,1,0.0,1000,6,1,false,73
724,401,1202,699,1202,4188.0,13422,70,0,1,0.0,1000,6,1,false,73
724,402,1205,701,1205,4200.0,13457,70,0,1,0.0,1000,6,1,false,73
724,403,1207,701,1207,4200.0,13457,70,0,1,0.0,1000,6,1,false,73
724,404,1210,703,1210,4212.0,13493,70,0,1,0.0,1000,6,1,false,73
724,405,1213,704,1213,4218.0,13510,70,0,1,0.0,1000,7,1,false,73
724,406,1216,704,1216,4218.0,13510,70,0,1,0.0,1000,6,1,false,73
724,407,1220,705,1220,4224.0,13533,70,0,1,0.0,1000,7,1,false,73
724,408,1223,706,1223,4230.0,13553,70,0,1,0.0,1000,6,1,false,73
724,409,1227,707,1227,4236.0,13564,70,0,1,0.0,1000,7,1,false,73
724,410,1230,707,1230,4236.0,13564,70,0,1,0.0,1000,6,1,false,73
724,411,1233,708,1233,4242.0,13583,70,0,1,0.0,1000,6,1,false,73
724,412,1236,709,1236,4248.0,13595,70,0,1,0.0,1000,6,1,false,73
724,413,1239,710,1239,4254.0,13609,70,0,1,0.0,1000,6,1,false,73
724,414,1242,711,1242,4260.0,13632,70,0,1,0.0,1000,6,1,false,73
724,415,1245,711,1245,4260.0,13632,70,0,1,0.0,1000,6,1,false,73
724,416,1248,713,1248,4272.0,13667,70,0,1,0.0,1000,6,1,false,73
724,417,1251,715,1251,4284.0,13703,70,0,1,0.0,1000,6,1,false,73
724,418,1254,716,1254,4290.0,13725,70,0,1,0.0,1000,6,1,false,73
724,419,1257,716,1257,4290.0,13725,70,0,1,0.0,1000,6,1,false,73
724,420,1260,717,1260,4296.0,13746,70,0,1,0.0,1000,6,1,false,73
724,421,1263,719,1263,4308.0,13786,70,0,1,0.0,1000,6,1,false,73
724,422,1266,719,1266,4308.0,13786,70,0,1,0.0,1000,6,1,false,73
724,423,1269,720,1269,4314.0,13805,70,0,1,0.0,1000,6,1,false,73
724,424,1272,722,1272,4326.0,13846,70,0,1,0.0,1000,6,1,false,73
724,425,1275,723,1275,4332.0,13864,70,0,1,0.0,1000,6,1,false,73
724,426,1278,724,1278,4338.0,13884,70,0,1,0.0,1000,6,1,false,73
724,427,1281,724,1281,4338.0,13884,70,0,1,0.0,1000,6,1,false,73
724,428,1283,724,1283,4338.0,13884,70,0,1,0.0,1000,6,1,false,73
724,429,1286,724,1286,4338.0,13884,70,0,1,0.0,1000,6,1,false,73
724,430,1289,724,1289,4338.0,13884,70,0,1,0.0,1000,6,1,false,73
724,431,1292,724,1292,4338.0,13884,70,0,1,0.0,1000,6,1,false,73
724,432,1295,724,1295,4338.0,13884,70,0,1,0.0,1000,6,1,false,73
724,433,1298,725,1298,4344.0,13907,70,0,1,0.0,1000,6,1,false,73
724,434,1301,726,1301,4350.0,13927,70,0,1,0.0,1000,6,1,false,73
724,435,1304,727,1304,4356.0,13945,70,0,1,0.0,1000,6,1,false,73
724,436,1307,729,1307,4368.0,13982,70,0,1,0.0,1000,6,1,false,73
724,437,1310,730,1310,4374.0,14008,70,0,1,0.0,1000,6,1,false,73
724,438,1313,731,1313,4380.0,14023,70,0,1,0.0,1000,6,1,false,73
724,439,1316,731,1316,4380.0,14023,70,0,1,0.0,1000,6,1,false,73
724,440,1319,731,1319,4380.0,14023,70,0,1,0.0,1000,6,1,false,73
724,441,1322,732,1322,4386.0,14043,70,0,1,0.0,1000,6,1,false,73
724,442,1325,732,1325,4386.0,14043,70,0,1,0.0,1000,6,1,false,73
724,443,1328,733,1328,4392.0,14055,70,0,1,0.0,1000,6,1,false,73
724,444,1331,734,1331,4398.0,14073,70,0,1,0.0,1000,6,1,false,73
724,445,1334,735,1334,4404.0,14093,70,0,1,0.0,1000,6,1,false,73
724,446,1337,735,1337,4404.0,14093,70,0,1,0.0,1000,6,1,false,73
724,447,1340,737,1340,4416.0,14139,70,0,1,0.0,1000,6,1,false,73
724,448,1343,738,1343,4422.0,14155,70,0,1,0.0,1000,6,1,false,73
724,449,1346,738,1346,4422.0,14155,70,0,1,0.0,1000,6,1,false,73
724,450,1349,738,1349,4422.0,14155,70,0,1,0.0,1000,6,1,false,73
724,451,1352,740,1352,4434.0,14190,70,0,1,0.0,1000,6,1,false,73
724,452,1355,740,1355,4434.0,14190,70,0,1,0.0,1000,6,1,false,73
724,453,1358,740,1358,4434.0,14190,70,0,1,0.0,1000,6,1,false,73
724,454,1361,741,1361,4440.0,14213,70,0,1,0.0,1000,6,1,false,73
724,455,1364,742,1364,4446.0,14233,70,0,1,0.0,1000,6,1,false,73
724,456,1367,743,1367,4452.0,14250,70,0,1,0.0,1000,6,1,false,73
724,457,1370,744,1370,4458.0,14269,70,0,1,0.0,1000,6,1,false,73
724,458,1373,745,1373,4464.0,14294,70,0,1,0.0,1000,6,1,false,73
724,459,1376,746,1376,4470.0,14316,70,0,1,0.0,1000,6,1,false,73
724,460,1379,747,1379,4476.0,14335,70,0,1,0.0,1000,6,1,false,73
724,461,1382,747,1382,4476.0,14335,70,0,1,0.0,1000,6,1,false,73
724,462,1385,747,1385,4476.0,14335,70,0,1,0.0,1000,6,1,false,73
724,463,1388,747,1388,4476.0,14335,70,0,1,0.0,1000,6,1,false,73
724,464,1391,749,1391,4488.0,14374,70,0,1,0.0,1000,6,1,false,73
724,465,1394,751,1394,4500.0,14417,70,0,1,0.0,1000,6,1,false,73
724,466,1397,752,1397,4506.0,14440,70,0,1,0.0,1000,6,1,false,73
724,467,1400,753,1400,4512.0,14455,70,0,1,0.0,1000,6,1,false,73
724,468,1403,753,1403,4512.0,14455,70,0,1,0.0,1000,6,1,false,73
724,469,1406,753,1406,4512.0,14455,70,0,1,0.0,1000,6,1,false,73
724,470,1409,753,1409,4512.0,14455,70,0,1,0.0,1000,6,1,false,73
724,471,1412,755,1412,4524.0,14496,70,0,1,0.0,1000,6,1,false,73
724,472,1415,755,1415,4524.0,14496,70,0,1,0.0,1000,6,1,false,73
724,473,1418,755,1418,4524.0,14496,70,0,1,0.0,1000,6,1,false,73
724,474,1421,757,1421,4536.0,14548,70,0,1,0.0,1000,6,1,false,73
724,475,1424,757,1424,4536.0,14548,70,0,1,0.0,1000,6,1,false,73
724,476,1427,758,1427,4542.0,14569,70,0,1,0.0,1000,6,1,false,73
724,477,1430,760,1430,4554.0,14611,70,0,1,0.0,1000,6,1,false,73
724,478,1433,761,1433,4560.0,14631,70,0,1,0.0,1000,6,1,false,73
724,479,1436,761,1436,4560.0,14631,70,0,1,0.0,1000,6,1,false,73
724,480,1439,762,1439,4566.0,14649,70,0,1,0.0,1000,6,1,false,73
724,481,1442,762,1442,4566.0,14649,70,0,1,0.0,1000,6,1,false,73
724,482,1445,762,1445,4566.0,14649,70,0,1,0.0,1000,6,1,false,73
724,483,1448,763,1448,4572.0,14675,70,0,1,0.0,1000,6,1,false,73
724,484,1451,763,1451,4572.0,14675,70,0,1,0.0,1000,6,1,false,73
724,485,1454,764,1454,4578.0,14697,70,0,1,0.0,1000,6,1,false,73
724,486,1457,764,1457,4578.0,14697,70,0,1,0.0,1000,6,1,false,73
724,487,1460,765,1460,4584.0,14711,70,0,1,0.0,1000,6,1,false,73
724,488,1463,766,1463,4590.0,14728,70,0,1,0.0,1000,6,1,false,73
724,489,1466,766,1466,4590.0,14728,70,0,1,0.0,1000,6,1,false,73
724,490,1469,768,1469,4602.0,14764,70,0,1,0.0,1000,6,1,false,73
724,491,1472,768,1472,4602.0,14764,70,0,1,0.0,1000,6,1,false,73
724,492,1475,769,1475,4608.0,14789,70,0,1,0.0,1000,6,1,false,73
724,493,1479,770,1479,4614.0,14803,70,0,1,0.0,1000,7,1,false,73
724,494,1482,772,1482,4626.0,14837,70,0,1,0.0,1000,6,1,false,73
724,495,1485,772,1485,4626.0,14837,70,0,1,0.0,1000,6,1,false,73
724,496,1488,772,1488,4626.0,14837,70,0,1,0.0,1000,6,1,false,73
724,497,1491,772,1491,4626.0,14837,70,0,1,0.0,1000,6,1,false,73
724,498,1494,772,1494,4626.0,14837,70,0,1,0.0,1000,6,1,false,73
724,499,1497,773,1497,4632.0,14858,70,0,1,0.0,1000,6,1,false,73
724,500,1500,774,1500,4638.0,14875,70,0,1,0.0,1000,6,1,false,73
724,501,1503,775,1503,4644.0,14895,70,0,1,0.0,1000,6,1,false,73
724,502,1506,775,1506,4644.0,14895,70,0,1,0.0,1000,6,1,false,73
724,503,1509,777,1509,4656.0,14937,70,0,1,0.0,1000,6,1,false,73
724,504,1512,778,1512,4662.0,14962,70,0,1,0.0,1000,6,1,false,73
724,505,1514,778,1514,4662.0,14962,70,0,1,0.0,1000,6,1,false,73
724,506,1517,780,1517,4674.0,14999,70,0,1,0.0,1000,6,1,false,73
724,507,1520,781,1520,4680.0,15015,70,0,1,0.0,1000,6,1,false,73
724,508,1523,781,1523,4680.0,15015,70,0,1,0.0,1000,6,1,false,73
724,509,1526,781,1526,4680.0,15015,70,0,1,0.0,1000,6,1,false,73
724,510,1529,782,1529,4686.0,15036,70,0,1,0.0,1000,6,1,false,73
724,511,1532,782,1532,4686.0,15036,70,0,1,0.0,1000,6,1,false,73
724,512,1535,783,1535,4692.0,15059,70,0,1,0.0,1000,6,1,false,73
724,513,1538,784,1538,4698.0,15082,70,0,1,0.0,1000,6,1,false,73
724,514,1541,785,1541,4704.0,15095,70,0,1,0.0,1000,6,1,false,73
724,515,1544,785,1544,4704.0,15095,70,0,1,0.0,1000,6,1,false,73
724,516,1547,786,1547,4710.0,15110,70,0,1,0.0,1000,6,1,false,73
724,517,1550,786,1550,4710.0,15110,70,0,1,0.0,1000,6,1,false,73
724,518,1553,786,1553,4710.0,15110,70,0,1,0.0,1000,6,1,false,73
724,519,1556,786,1556,4710.0,15110,70,0,1,0.0,1000,6,1,false,73
724,520,1559,786,1559,4710.0,15110,70,0,1,0.0,1000,6,1,false,73
724,521,1562,786,1562,4710.0,15110,70,0,1,0.0,1000,6,1,false,73
724,522,1565,786,1565,4710.0,15110,70,0,1,0.0,1000,6,1,false,73
724,523,1568,787,1568,4716.0,15128,70,0,1,0.0,1000,6,1,false,73
724,524,1571,787,1571,4716.0,15128,70,0,1,0.0,1000,6,1,false,73
724,525,1574,787,1574,4716.0,15128,70,0,1,0.0,1000,6,1,false,73
724,526,1577,787,1577,4716.0,15128,70,0,1,0.0,1000,6,1,false,73
724,527,1580,787,1580,4716.0,15128,70,0,1,0.0,1000,6,1,false,73
724,528,1583,789,1583,4728.0,15172,70,0,1,0.0,1000,6,1,false,73
724,529,1586,789,1586,4728.0,15172,70,0,1,0.0,1000,6,1,false,73
724,530,1589,791,1589,4740.0,15204,70,0,1,0.0,1000,6,1,false,73
724,531,1592,791,1592,4740.0,15204,70,0,1,0.0,1000,6,1,false,73
724,532,1595,792,1595,4746.0,15227,70,0,1,0.0,1000,6,1,false,73
724,533,1598,792,1598,4746.0,15227,70,0,1,0.0,1000,6,1,false,73
724,534,1601,793,1601,4752.0,15240,70,0,1,0.0,1000,6,1,false,73
724,535,1604,793,1604,4752.0,15240,70,0,1,0.0,1000,6,1,false,73
724,536,1607,794,1607,4758.0,15258,70,0,1,0.0,1000,6,1,false,73
724,537,1610,794,1610,4758.0,15258,70,0,1,0.0,1000,6,1,false,73
724,538,1613,795,1613,4764.0,15272,70,0,1,0.0,1000,6,1,false,73
724,539,1616,795,1616,4764.0,15272,70,0,1,0.0,1000,6,1,false,73
724,540,1619,795,1619,4764.0,15272,70,0,1,0.0,1000,6,1,false,73
724,541,1622,797,1622,4776.0,15308,70,0,1,0.0,1000,6,1,false,73
724,542,1625,797,1625,4776.0,15308,70,0,1,0.0,1000,6,1,false,73
724,543,1628,797,1628,4776.0,15308,70,0,1,0.0,1000,6,1,false,73
724,544,1631,798,1631,4782.0,15328,70,0,1,0.0,1000,6,1,false,73
724,545,1634,799,1634,4788.0,15354,70,0,1,0.0,1000,6,1,false,73
724,546,1637,801,1637,4800.0,15389,70,0,1,0.0,1000,6,1,false,73
724,547,1640,802,1640,4806.0,15407,70,0,1,0.0,1000,6,1,false,73
724,548,1643,803,1643,4812.0,15423,70,0,1,0.0,1000,6,1,false,73
724,549,1646,804,1646,4818.0,15445,70,0,1,0.0,1000,6,1,false,73
724,550,1649,805,1649,4824.0,15458,70,0,1,0.0,1000,6,1,false,73
724,551,1652,806,1652,4830.0,15479,70,0,1,0.0,1000,6,1,false,73
724,552,1655,806,1655,4830.0,15479,70,0,1,0.0,1000,6,1,false,73
724,553,1658,806,1658,4830.0,15479,70,0,1,0.0,1000,6,1,false,73
724,554,1661,808,1661,4842.0,15517,70,0,1,0.0,1000,6,1,false,73
724,555,1664,810,1664,4854.0,15561,70,0,1,0.0,1000,6,1,false,73
724,556,1667,811,1667,4860.0,15581,70,0,1,0.0,1000,6,1,false,73
724,557,1670,811,1670,4860.0,15581,70,0,1,0.0,1000,6,1,false,73
724,558,1673,812,1673,4866.0,15604,70,0,1,0.0,1000,6,1,false,73
724,559,1676,812,1676,4866.0,15604,70,0,1,0.0,1000,6,1,false,73
724,560,1679,812,1679,4866.0,15604,70,0,1,0.0,1000,6,1,false,73
724,561,1682,813,1682,4872.0,15625,70,0,1,0.0,1000,6,1,false,73
724,562,1685,813,1685,4872.0,15625,70,0,1,0.0,1000,6,1,false,73
724,563,1688,814,1688,4878.0,15645,70,0,1,0.0,1000,6,1,false,73
724,564,1691,814,1691,4878.0,15645,70,0,1,0.0,1000,6,1,false,73
724,565,1694,815,1694,4884.0,15670,70,0,1,0.0,1000,6,1,false,73
724,566,1697,815,1697,4884.0,15670,70,0,1,0.0,1000,6,1,false,73
724,567,1700,816,1700,4890.0,15690,70,0,1,0.0,1000,6,1,false,73
724,568,1703,819,1703,4908.0,15755,70,0,1,0.0,1000,6,1,false,73
724,569,1706,820,1706,4914.0,15770,70,0,1,0.0,1000,6,1,false,73
724,570,1709,821,1709,4920.0,15789,70,0,1,0.0,1000,6,1,false,73
724,571,1712,822,1712,4926.0,15813,70,0,1,0.0,1000,6,1,false,73
724,572,1715,823,1715,4932.0,15835,70,0,1,0.0,1000,7,1,false,73
724,573,1718,824,1718,4938.0,15856,70,0,1,0.0,1000,6,1,false,73
724,574,1721,826,1721,4950.0,15901,70,0,1,0.0,1000,6,1,false,73
724,575,1724,826,1724,4950.0,15901,70,0,1,0.0,1000,6,1,false,73
724,576,1727,827,1727,4956.0,15916,70,0,1,0.0,1000,6,1,false,73
724,577,1730,828,1730,4962.0,15931,70,0,1,0.0,1000,6,1,false,73
724,578,1733,829,1733,4968.0,15950,70,0,1,0.0,1000,6,1,false,73
724,579,1736,829,1736,4968.0,15950,70,0,1,0.0,1000,6,1,false,73
724,580,1739,829,1739,4968.0,15950,70,0,1,0.0,1000,6,1,false,73
724,581,1742,830,1742,4974.0,15973,70,0,1,0.0,1000,6,1,false,73
724,582,1745,830,1745,4974.0,15973,70,0,1,0.0,1000,6,1,false,73
724,583,1749,832,1749,4986.0,16017,70,0,1,0.0,1000,6,1,false,73
724,584,1751,832,1751,4986.0,16017,70,0,1,0.0,1000,6,1,false,73
724,585,1755,832,1755,4986.0,16017,70,0,1,0.0,1000,7,1,false,73
724,586,1758,833,1758,4992.0,16040,70,0,1,0.0,1000,6,1,false,73
724,587,1761,834,1761,4998.0,16060,70,0,1,0.0,1000,6,1,false,73
724,588,1764,834,1764,4998.0,16060,70,0,1,0.0,1000,6,1,false,73
724,589,1767,834,1767,4998.0,16060,70,0,1,0.0,1000,6,1,false,73
724,590,1770,834,1770,4998.0,16060,70,0,1,0.0,1000,6,1,false,73
724,591,1773,834,1773,4998.0,16060,70,0,1,0.0,1000,6,1,false,73
724,592,1776,835,1776,5004.0,16074,70,0,1,0.0,1000,6,1,false,73
724,593,1779,836,1779,5010.0,16094,70,0,1,0.0,1000,6,1,false,73
724,594,1782,837,1782,5016.0,16117,70,0,1,0.0,1000,6,1,false,73
724,595,1785,838,1785,5022.0,16132,70,0,1,0.0,1000,6,1,false,73
724,596,1788,838,1788,5022.0,16132,70,0,1,0.0,1000,6,1,false,73
724,597,1791,838,1791,5022.0,16132,70,0,1,0.0,1000,6,1,false,73
724,598,1794,838,1794,5022.0,16132,70,0,1,0.0,1000,6,1,false,73
724,599,1797,838,1797,5022.0,16132,70,0,1,0.0,1000,6,1,false,73
724,600,1799,838,1799,5022.0,16132,70,0,1,0.0,1000,6,1,false,73
724,601,1802,838,1802,5022.0,16132,70,0,1,0.0,1000,6,1,false,73
724,602,1805,839,1805,5028.0,16151,70,0,1,0.0,1000,6,1,false,73
724,603,1808,839,1808,5028.0,16151,70,0,1,0.0,1000,6,1,false,73
724,604,1812,841,1812,5040.0,16194,70,0,1,0.0,1000,7,1,false,73
724,605,1815,842,1815,5046.0,16212,70,0,1,0.0,1000,6,1,false,73
724,606,1818,842,1818,5046.0,16212,70,0,1,0.0,1000,6,1,false,73
724,607,1821,842,1821,5046.0,16212,70,0,1,0.0,1000,6,1,false,73
724,608,1824,842,1824,5046.0,16212,70,0,1,0.0,1000,6,1,false,73
724,609,1827,844,1827,5058.0,16247,70,0,1,0.0,1000,6,1,false,73
724,610,1831,844,1831,5058.0,16247,70,0,1,0.0,1000,7,1,false,73
724,611,1834,844,1834,5058.0,16247,70,0,1,0.0,1000,6,1,false,73
724,612,1837,845,1837,5064.0,16269,70,0,1,0.0,1000,6,1,false,73
724,613,1840,845,1840,5064.0,16269,70,0,1,0.0,1000,6,1,false,73
724,614,1843,846,1843,5070.0,16288,70,0,1,0.0,1000,6,1,false,73
724,615,1846,847,1846,5076.0,16309,70,0,1,0.0,1000,6,1,false,73
724,616,1849,848,1849,5082.0,16336,70,0,1,0.0,1000,6,1,false,73
724,617,1852,849,1852,5088.0,16363,70,0,1,0.0,1000,6,1,false,73
724,618,1855,849,1855,5088.0,16363,70,0,1,0.0,1000,6,1,false,73
724,619,1858,850,1858,5094.0,16381,70,0,1,0.0,1000,6,1,false,73
724,620,1861,850,1861,5094.0,16381,70,0,1,0.0,1000,6,1,false,73
724,621,1864,851,1864,5100.0,16397,70,0,1,0.0,1000,6,1,false,73
724,622,1867,852,1867,5106.0,16419,70,0,1,0.0,1000,6,1,false,73
724,623,1870,853,1870,5112.0,16445,70,0,1,0.0,1000,6,1,false,73
724,624,1873,853,1873,5112.0,16445,70,0,1,0.0,1000,6,1,false,73
724,625,1876,853,1876,5112.0,16445,70,0,1,0.0,1000,6,1,false,73
724,626,1879,855,1879,5124.0,16480,70,0,1,0.0,1000,6,1,false,73
724,627,1882,855,1882,5124.0,16480,70,0,1,0.0,1000,6,1,false,73
724,628,1885,856,1885,5130.0,16502,70,0,1,0.0,1000,6,1,false,73
724,629,1888,857,1888,5136.0,16521,70,0,1,0.0,1000,6,1,false,73
724,630,1891,857,1891,5136.0,16521,70,0,1,0.0,1000,6,1,false,73
724,631,1894,857,1894,5136.0,16521,70,0,1,0.0,1000,6,1,false,73
724,632,1897,857,1897,5136.0,16521,70,0,1,0.0,1000,6,1,false,73
724,633,1900,858,1900,5142.0,16539,70,0,1,0.0,1000,6,1,false,73
724,634,1903,859,1903,5148.0,16555,70,0,1,0.0,1000,6,1,false,73
724,635,1906,859,1906,5148.0,16555,70,0,1,0.0,1000,6,1,false,73
724,636,1910,859,1910,5148.0,16555,70,0,1,0.0,1000,7,1,false,73
724,637,1913,860,1913,5154.0,16578,70,0,1,0.0,1000,6,1,false,73
724,638,1916,860,1916,5154.0,16578,70,0,1,0.0,1000,6,1,false,73
724,639,1919,860,1919,5154.0,16578,70,0,1,0.0,1000,6,1,false,73
724,640,1922,860,1922,5154.0,16578,70,0,1,0.0,1000,6,1,false,73
724,641,1925,860,1925,5154.0,16578,70,0,1,0.0,1000,6,1,false,73
724,642,1928,860,1928,5154.0,16578,70,0,1,0.0,1000,6,1,false,73
724,643,1931,860,1931,5154.0,16578,70,0,1,0.0,1000,6,1,false,73
724,644,1934,860,1934,5154.0,16578,70,0,1,0.0,1000,6,1,false,73
724,645,1937,861,1937,5160.0,16592,70,0,1,0.0,1000,6,1,false,73
724,646,1940,861,1940,5160.0,16592,70,0,1,0.0,1000,6,1,false,73
724,647,1943,861,1943,5160.0,16592,70,0,1,0.0,1000,6,1,false,73
724,648,1946,862,1946,5166.0,16609,70,0,1,0.0,1000,6,1,false,73
724,649,1949,862,1949,5166.0,16609,70,0,1,0.0,1000,6,1,false,73
724,650,1952,863,1952,5172.0,16631,70,0,1,0.0,1000,6,1,false,73
724,651,1955,863,1955,5172.0,16631,70,0,1,0.0,1000,6,1,false,73
724,652,1958,865,1958,5184.0,16667,70,0,1,0.0,1000,6,1,false,73
724,653,1961,865,1961,5184.0,16667,70,0,1,0.0,1000,6,1,false,73
724,654,1964,865,1964,5184.0,16667,70,0,1,0.0,1000,6,1,false,73
724,655,1967,865,1967,5184.0,16667,70,0,1,0.0,1000,6,1,false,73
724,656,1970,865,1970,5184.0,16667,70,0,1,0.0,1000,6,1,false,73
724,657,1973,866,1973,5190.0,16686,70,0,1,0.0,1000,6,1,false,73
724,658,1976,866,1976,5190.0,16686,70,0,1,0.0,1000,6,1,false,73
724,659,1979,866,1979,5190.0,16686,70,0,1,0.0,1000,6,1,false,73
724,660,1982,868,1982,5202.0,16731,70,0,1,0.0,1000,6,1,false,73
724,661,1985,869,1985,5208.0,16746,70,0,1,0.0,1000,6,1,false,73
724,662,1988,871,1988,5220.0,16792,70,0,1,0.0,1000,6,1,false,73
724,663,1991,871,1991,5220.0,16792,70,0,1,0.0,1000,6,1,false,73
724,664,1993,871,1993,5220.0,16792,70,0,1,0.0,1000,6,1,false,73
724,665,1996,871,1996,5220.0,16792,70,0,1,0.0,1000,6,1,false,73
724,666,1999,871,1999,5220.0,16792,70,0,1,0.0,1000,6,1,false,73
724,667,2002,871,2002,5220.0,16792,70,0,1,0.0,1000,6,1,false,73
724,668,2005,871,2005,5220.0,16792,70,0,1,0.0,1000,6,1,false,73
724,669,2008,871,2008,5220.0,16792,70,0,1,0.0,1000,6,1,false,73
724,670,2011,871,2011,5220.0,16792,70,0,1,0.0,1000,6,1,false,73
724,671,2014,873,2014,5232.0,16823,70,0,1,0.0,1000,6,1,false,73
724,672,2017,874,2017,5238.0,16839,70,0,1,0.0,1000,6,1,false,73
724,673,2020,875,2020,5244.0,16855,70,0,1,0.0,1000,6,1,false,73
724,674,2023,875,2023,5244.0,16855,70,0,1,0.0,1000,6,1,false,73
724,675,2026,875,2026,5244.0,16855,70,0,1,0.0,1000,6,1,false,73
724,676,2029,875,2029,5244.0,16855,70,0,1,0.0,1000,6,1,false,73
724,677,2032,875,2032,5244.0,16855,70,0,1,0.0,1000,6,1,false,73
724,678,2035,876,2035,5250.0,16875,70,0,1,0.0,1000,6,1,false,73
724,679,2038,876,2038,5250.0,16875,70,0,1,0.0,1000,6,1,false,73
724,680,2041,878,2041,5262.0,16910,70,0,1,0.0,1000,6,1,false,73
724,681,2044,878,2044,5262.0,16910,70,0,1,0.0,1000,6,1,false,73
724,682,2047,878,2047,5262.0,16910,70,0,1,0.0,1000,6,1,false,73
724,683,2050,879,2050,5268.0,16929,70,0,1,0.0,1000,6,1,false,73
724,684,2053,879,2053,5268.0,16929,70,0,1,0.0,1000,6,1,false,73
724,685,2056,879,2056,5268.0,16929,70,0,1,0.0,1000,6,1,false,73
724,686,2059,879,2059,5268.0,16929,70,0,1,0.0,1000,6,1,false,73
724,687,2062,879,2062,5268.0,16929,70,0,1,0.0,1000,6,1,false,73
724,688,2065,879,2065,5268.0,16929,70,0,1,0.0,1000,6,1,false,73
724,689,2068,879,2068,5268.0,16929,70,0,1,0.0,1000,6,1,false,73
724,690,2071,879,2071,5268.0,16929,70,0,1,0.0,1000,6,1,false,73
724,691,2075,880,2075,5274.0,16946,70,0,1,0.0,1000,6,1,false,73
724,692,2078,880,2078,5274.0,16946,70,0,1,0.0,1000,6,1,false,73
724,693,2081,880,2081,5274.0,16946,70,0,1,0.0,1000,6,1,false,73
724,694,2084,880,2084,5274.0,16946,70,0,1,0.0,1000,6,1,false,73
724,695,2086,880,2086,5274.0,16946,70,0,1,0.0,1000,6,1,false,73
724,696,2090,882,2090,5286.0,16995,70,0,1,0.0,1000,6,1,false,73
724,697,2093,882,2093,5286.0,16995,70,0,1,0.0,1000,6,1,false,73
724,698,2096,883,2096,5292.0,17018,70,0,1,0.0,1000,6,1,false,73
724,699,2099,883,2099,5292.0,17018,70,0,1,0.0,1000,6,1,false,73
724,700,2102,884,2102,5298.0,17035,70,0,1,0.0,1000,6,1,false,73
724,701,2105,884,2105,5298.0,17035,70,0,1,0.0,1000,6,1,false,73
724,702,2108,884,2108,5298.0,17035,70,0,1,0.0,1000,6,1,false,73
724,703,2111,885,2111,5304.0,17055,70,0,1,0.0,1000,6,1,false,73
724,704,2114,886,2114,5310.0,17078,70,0,1,0.0,1000,6,1,false,73
724,705,2117,886,2117,5310.0,17078,70,0,1,0.0,1000,6,1,false,73
724,706,2120,887,2120,5316.0,17096,70,0,1,0.0,1000,6,1,false,73
724,707,2123,887,2123,5316.0,17096,70,0,1,0.0,1000,6,1,false,73
724,708,2126,888,2126,5322.0,17111,70,0,1,0.0,1000,6,1,false,73
724,709,2129,888,2129,5322.0,17111,70,0,1,0.0,1000,6,1,false,73
724,710,2132,888,2132,5322.0,17111,70,0,1,0.0,1000,6,1,false,73
724,711,2135,889,2135,5328.0,17138,70,0,1,0.0,1000,6,1,false,73
724,712,2138,889,2138,5328.0,17138,70,0,1,0.0,1000,6,1,false,73
724,713,2141,889,2141,5328.0,17138,70,0,1,0.0,1000,6,1,false,73
724,714,2144,890,2144,5334.0,17160,70,0,1,0.0,1000,6,1,false,73
724,715,2147,891,2147,5340.0,17184,70,0,1,0.0,1000,6,1,false,73
724,716,2150,893,2150,5352.0,17219,70,0,1,0.0,1000,6,1,false,73
724,717,2153,893,2153,5352.0,17219,70,0,1,0.0,1000,6,1,false,73
724,718,2156,893,2156,5352.0,17219,70,0,1,0.0,1000,6,1,false,73
724,719,2159,893,2159,5352.0,17219,70,0,1,0.0,1000,6,1,false,73
724,720,2162,894,2162,5358.0,17241,70,0,1,0.0,1000,6,1,false,73
724,721,2165,894,2165,5358.0,17241,70,0,1,0.0,1000,6,1,false,73
724,722,2168,894,2168,5358.0,17241,70,0,1,0.0,1000,6,1,false,73
724,723,2171,895,2171,5364.0,17264,70,0,1,0.0,1000,6,1,false,73
724,724,2174,895,2174,5364.0,17264,70,0,1,0.0,1000,6,1,false,73
724,725,2177,895,2177,5364.0,17264,70,0,1,0.0,1000,6,1,false,73
724,726,2180,896,2180,5370.0,17284,70,0,1,0.0,1000,6,1,false,73
724,727,2183,896,2183,5370.0,17284,70,0,1,0.0,1000,6,1,false,73
724,728,2186,896,2186,5370.0,17284,70,0,1,0.0,1000,6,1,false,73
724,729,2189,896,2189,5370.0,17284,70,0,1,0.0,1000,6,1,false,73
724,730,2192,896,2192,5370.0,17284,70,0,1,0.0,1000,6,1,false,73
724,731,2195,896,2195,5370.0,17284,70,0,1,0.0,1000,6,1,false,73
724,732,2198,896,2198,5370.0,17284,70,0,1,0.0,1000,6,1,false,73
724,733,2201,896,2201,5370.0,17284,70,0,1,0.0,1000,6,1,false,73
724,734,2204,896,2204,5370.0,17284,70,0,1,0.0,1000,7,1,false,73
724,735,2207,897,2207,5376.0,17306,70,1,1,1.0,1000,6,1,false,73
724,736,2210,898,2210,5382.0,17325,70,1,1,1.0,1000,6,1,false,73
724,737,2213,899,2213,5388.0,17344,70,1,1,1.0,1000,6,1,false,73
724,738,2216,900,2216,5394.0,17360,70,1,1,1.0,1000,6,1,false,73
724,739,2219,900,2219,5394.0,17360,70,1,1,1.0,1000,6,1,false,73
724,740,2222,900,2222,5394.0,17360,70,1,1,1.0,1000,6,1,false,73
724,741,2225,901,2225,5400.0,17378,70,1,1,1.0,1000,6,1,false,73
724,742,2228,901,2228,5400.0,17378,70,1,1,1.0,1000,6,1,false,73
724,743,2231,901,2231,5400.0,17378,70,1,1,1.0,1000,6,1,false,73
724,744,2234,901,2234,5400.0,17378,70,1,1,1.0,1000,6,1,false,73
724,745,2237,902,2237,5406.0,17397,70,1,1,1.0,1000,6,1,false,73
724,746,2240,902,2240,5406.0,17397,70,1,1,1.0,1000,6,1,false,73
724,747,2243,902,2243,5406.0,17397,70,1,1,1.0,1000,6,1,false,73
724,748,2246,902,2246,5406.0,17397,70,1,1,1.0,1000,6,1,false,73
724,749,2249,902,2249,5406.0,17397,70,1,1,1.0,1000,6,1,false,73
724,750,2252,902,2252,5406.0,17397,70,1,1,1.0,1000,6,1,false,73
724,751,2255,902,2255,5406.0,17397,70,1,1,1.0,1000,6,1,false,73
724,752,2258,904,2258,5418.0,17433,70,1,1,1.0,1000,6,1,false,73
724,753,2261,905,2261,5424.0,17445,70,1,1,1.0,1000,6,1,false,73
724,754,2264,906,2264,5430.0,17463,70,1,1,1.0,1000,6,1,false,73
724,755,2267,906,2267,5430.0,17463,70,1,1,1.0,1000,6,1,false,73
724,756,2270,906,2270,5430.0,17463,70,1,1,1.0,1000,6,1,false,73
724,757,2273,906,2273,5430.0,17463,70,1,1,1.0,1000,6,1,false,73
724,758,2276,906,2276,5430.0,17463,70,1,1,1.0,1000,6,1,false,73
724,759,2279,906,2279,5430.0,17463,70,1,1,1.0,1000,6,1,false,73
724,760,2282,907,2282,5436.0,17480,70,1,1,1.0,1000,6,1,false,73
724,761,2285,908,2285,5442.0,17500,70,1,1,1.0,1000,6,1,false,73
724,762,2288,908,2288,5442.0,17500,70,1,1,1.0,1000,6,1,false,73
724,763,2291,908,2291,5442.0,17500,70,1,1,1.0,1000,6,1,false,73
724,764,2294,908,2294,5442.0,17500,70,1,1,1.0,1000,6,1,false,73
724,765,2297,908,2297,5442.0,17500,70,1,1,1.0,1000,6,1,false,73
724,766,2300,908,2300,5442.0,17500,70,1,1,1.0,1000,6,1,false,73
724,767,2303,908,2303,5442.0,17500,70,1,1,1.0,1000,6,1,false,73
724,768,2306,908,2306,5442.0,17500,70,1,1,1.0,1000,6,1,false,73
724,769,2309,908,2309,5442.0,17500,70,1,1,1.0,1000,6,1,false,73
724,770,2312,908,2312,5442.0,17500,70,1,1,1.0,1000,6,1,false,73
724,771,2315,908,2315,5442.0,17500,70,1,1,1.0,1000,6,1,false,73
724,772,2318,908,2318,5442.0,17500,70,1,1,1.0,1000,6,1,false,73
724,773,2321,908,2321,5442.0,17500,70,1,1,1.0,1000,6,1,false,73
724,774,2324,908,2324,5442.0,17500,70,1,1,1.0,1000,6,1,false,73
724,775,2327,908,2327,5442.0,17500,70,1,1,1.0,1000,6,1,false,73
724,776,2330,908,2330,5442.0,17500,70,1,1,1.0,1000,6,1,false,73
724,777,2333,909,2333,5448.0,17523,70,1,1,1.0,1000,6,1,false,73
724,778,2337,909,2337,5448.0,17523,70,1,1,1.0,1000,6,1,false,73
724,779,2340,909,2340,5448.0,17523,70,1,1,1.0,1000,6,1,false,73
724,780,2343,909,2343,5448.0,17523,70,1,1,1.0,1000,6,1,false,73
724,781,2346,909,2346,5448.0,17523,70,1,1,1.0,1000,6,1,false,73
724,782,2349,909,2349,5448.0,17523,70,1,1,1.0,1000,6,1,false,73
724,783,2352,910,2352,5454.0,17547,70,1,1,1.0,1000,6,1,false,73
724,784,2355,910,2355,5454.0,17547,70,1,1,1.0,1000,6,1,false,73
724,785,2358,910,2358,5454.0,17547,70,1,1,1.0,1000,6,1,false,73
724,786,2361,910,2361,5454.0,17547,70,1,1,1.0,1000,6,1,false,73
724,787,2364,911,2364,5460.0,17567,70,1,1,1.0,1000,6,1,false,73
724,788,2367,912,2367,5466.0,17591,70,1,1,1.0,1000,6,1,false,73
724,789,2370,912,2370,5466.0,17591,70,1,1,1.0,1000,6,1,false,73
724,790,2373,912,2373,5466.0,17591,70,1,1,1.0,1000,6,1,false,73
724,791,2376,913,2376,5472.0,17613,70,1,1,1.0,1000,6,1,false,73
724,792,2379,914,2379,5478.0,17640,70,1,1,1.0,1000,6,1,false,73
724,793,2382,914,2382,5478.0,17640,70,1,1,1.0,1000,6,1,false,73
724,794,2385,914,2385,5478.0,17640,70,1,1,1.0,1000,6,1,false,73
724,795,2388,914,2388,5478.0,17640,70,1,1,1.0,1000,6,1,false,73
724,796,2391,914,2391,5478.0,17640,70,1,1,1.0,1000,6,1,false,73
724,797,2394,915,2394,5484.0,17660,70,1,1,1.0,1000,6,1,false,73
724,798,2397,915,2397,5484.0,17660,70,1,1,1.0,1000,6,1,false,73
724,799,2399,916,2399,5490.0,17680,70,1,1,1.0,1000,6,1,false,73
724,800,2402,916,2402,5490.0,17680,70,1,1,1.0,1000,6,1,false,73
724,801,2405,917,2405,5496.0,17699,70,1,1,1.0,1000,6,1,false,73
724,802,2408,917,2408,5496.0,17699,70,1,1,1.0,1000,6,1,false,73
724,803,2411,918,2411,5502.0,17718,70,1,1,1.0,1000,6,1,false,73
724,804,2414,918,2414,5502.0,17718,70,1,1,1.0,1000,6,1,false,73
724,805,2418,918,2418,5502.0,17718,70,1,1,1.0,1000,6,1,false,73
724,806,2421,919,2421,5508.0,17747,70,1,1,1.0,1000,6,1,false,73
724,807,2424,919,2424,5508.0,17747,70,1,1,1.0,1000,6,1,false,73
724,808,2427,919,2427,5508.0,17747,70,1,1,1.0,1000,6,1,false,73
724,809,2430,920,2430,5514.0,17772,70,1,1,1.0,1000,6,1,false,73
724,810,2433,920,2433,5514.0,17772,70,1,1,1.0,1000,6,1,false,73
724,811,2436,920,2436,5514.0,17772,70,1,1,1.0,1000,6,1,false,73
724,812,2439,920,2439,5514.0,17772,70,1,1,1.0,1000,6,1,false,73
724,813,2443,921,2443,5520.0,17797,70,1,1,1.0,1000,7,1,false,73
724,814,2446,922,2446,5526.0,17821,70,1,1,1.0,1000,6,1,false,73
724,815,2449,922,2449,5526.0,17821,70,1,1,1.0,1000,6,1,false,73
724,816,2452,922,2452,5526.0,17821,70,1,1,1.0,1000,6,1,false,73
724,817,2456,923,2456,5532.0,17844,70,1,1,1.0,1000,7,1,false,73
724,818,2459,923,2459,5532.0,17844,70,1,1,1.0,1000,6,1,false,73
724,819,2462,923,2462,5532.0,17844,70,1,1,1.0,1000,6,1,false,73
724,820,2465,923,2465,5532.0,17844,70,1,1,1.0,1000,6,1,false,73
724,821,2468,923,2468,5532.0,17844,70,1,1,1.0,1000,6,1,false,73
724,822,2471,923,2471,5532.0,17844,70,1,1,1.0,1000,6,1,false,73
724,823,2474,923,2474,5532.0,17844,70,1,1,1.0,1000,6,1,false,73
724,824,2477,923,2477,5532.0,17844,70,1,1,1.0,1000,6,1,false,73
724,825,2480,924,2480,5538.0,17868,70,1,1,1.0,1000,6,1,false,73
724,826,2483,924,2483,5538.0,17868,70,1,1,1.0,1000,6,1,false,73
724,827,2486,924,2486,5538.0,17868,70,1,1,1.0,1000,6,1,false,73
724,828,2489,924,2489,5538.0,17868,70,1,1,1.0,1000,6,1,false,73
724,829,2492,924,2492,5538.0,17868,70,1,1,1.0,1000,6,1,false,73
724,830,2495,924,2495,5538.0,17868,70,1,1,1.0,1000,6,1,false,73
724,831,2498,924,2498,5538.0,17868,70,1,1,1.0,1000,6,1,false,73
724,832,2501,924,2501,5538.0,17868,70,1,1,1.0,1000,6,1,false,73
724,833,2504,924,2504,5538.0,17868,70,1,1,1.0,1000,6,1,false,73
724,834,2507,924,2507,5538.0,17868,70,1,1,1.0,1000,6,1,false,73
724,835,2510,924,2510,5538.0,17868,70,1,1,1.0,1000,6,1,false,73
724,836,2513,924,2513,5538.0,17868,70,1,1,1.0,1000,6,1,false,73
724,837,2516,924,2516,5538.0,17868,70,1,1,1.0,1000,6,1,false,73
724,838,2519,924,2519,5538.0,17868,70,1,1,1.0,1000,6,1,false,73
724,839,2522,924,2522,5538.0,17868,70,1,1,1.0,1000,6,1,false,73
724,840,2525,924,2525,5538.0,17868,70,1,1,1.0,1000,6,1,false,73
724,841,2528,926,2528,5550.0,17892,70,1,1,1.0,1000,6,1,false,73
724,842,2531,926,2531,5550.0,17892,70,1,1,1.0,1000,6,1,false,73
724,843,2535,927,2535,5556.0,17911,70,1,1,1.0,1000,7,1,false,73
724,844,2538,927,2538,5556.0,17911,70,1,1,1.0,1000,6,1,false,73
724,845,2542,928,2542,5562.0,17929,70,1,1,1.0,1000,6,1,false,73
724,846,2545,928,2545,5562.0,17929,70,1,1,1.0,1000,6,1,false,73
724,847,2548,928,2548,5562.0,17929,70,1,1,1.0,1000,6,1,false,73
724,848,2551,928,2551,5562.0,17929,70,1,1,1.0,1000,6,1,false,73
724,849,2554,928,2554,5562.0,17929,70,1,1,1.0,1000,6,1,false,73
724,850,2557,929,2557,5568.0,17948,70,1,1,1.0,1000,6,1,false,73
724,852,2563,929,2563,5568.0,17948,70,1,1,1.0,1000,6,1,false,73
724,852,2563,929,2563,5568.0,17948,70,1,1,1.0,1000,6,1,false,73
724,853,2566,929,2566,5568.0,17948,70,1,1,1.0,1000,6,1,false,73
724,854,2569,930,2569,5574.0,17965,70,1,1,1.0,1000,6,1,false,73
724,855,2572,930,2572,5574.0,17965,70,1,1,1.0,1000,6,1,false,73
724,856,2575,930,2575,5574.0,17965,70,1,1,1.0,1000,6,1,false,73
724,857,2578,930,2578,5574.0,17965,70,1,1,1.0,1000,6,1,false,73
724,858,2581,930,2581,5574.0,17965,70,1,1,1.0,1000,6,1,false,73
724,859,2585,930,2585,5574.0,17965,70,1,1,1.0,1000,6,1,false,73
724,860,2588,930,2588,5574.0,17965,70,1,1,1.0,1000,6,1,false,73
724,861,2591,930,2591,5574.0,17965,70,1,1,1.0,1000,6,1,false,73
724,862,2595,930,2595,5574.0,17965,70,1,1,1.0,1000,7,1,false,73
724,863,2598,930,2598,5574.0,17965,70,1,1,1.0,1000,6,1,false,73
724,864,2601,930,2601,5574.0,17965,70,1,1,1.0,1000,6,1,false,73
724,865,2604,930,2604,5574.0,17965,70,1,1,1.0,1000,6,1,false,73
724,866,2607,930,2607,5574.0,17965,70,1,1,1.0,1000,6,1,false,73
724,867,2611,930,2611,5574.0,17965,70,1,1,1.0,1000,6,1,false,73
724,868,2614,930,2614,5574.0,17965,70,1,1,1.0,1000,6,1,false,73
724,869,2617,930,2617,5574.0,17965,70,1,1,1.0,1000,6,1,false,73
724,870,2620,931,2620,5580.0,17984,70,1,1,1.0,1000,6,1,false,73
724,871,2623,931,2623,5580.0,17984,70,1,1,1.0,1000,6,1,false,73
724,872,2626,931,2626,5580.0,17984,70,1,1,1.0,1000,6,1,false,73
724,873,2628,931,2628,5580.0,17984,70,1,1,1.0,1000,6,1,false,73
724,874,2631,931,2631,5580.0,17984,70,1,1,1.0,1000,6,1,false,73
724,875,2634,931,2634,5580.0,17984,70,1,1,1.0,1000,6,1,false,73
724,876,2637,931,2637,5580.0,17984,70,1,1,1.0,1000,6,1,false,73
724,878,2643,931,2643,5580.0,17984,70,1,1,1.0,1000,6,1,false,73
724,878,2643,931,2643,5580.0,17984,70,1,1,1.0,1000,6,1,false,73
724,879,2646,932,2646,5586.0,18005,70,1,1,1.0,1000,6,1,false,73
724,880,2649,932,2649,5586.0,18005,70,1,1,1.0,1000,6,1,false,73
724,881,2652,932,2652,5586.0,18005,70,1,1,1.0,1000,6,1,false,73
724,882,2655,933,2655,5592.0,18014,70,1,1,1.0,1000,6,1,false,73
724,883,2658,933,2658,5592.0,18014,70,1,1,1.0,1000,6,1,false,73
724,884,2661,934,2661,5598.0,18032,70,1,1,1.0,1000,6,1,false,73
724,885,2664,934,2664,5598.0,18032,70,1,1,1.0,1000,6,1,false,73
724,886,2667,934,2667,5598.0,18032,70,1,1,1.0,1000,6,1,false,73
724,887,2670,935,2670,5604.0,18054,70,1,1,1.0,1000,6,1,false,73
724,888,2673,935,2673,5604.0,18054,70,1,1,1.0,1000,6,1,false,73
724,889,2676,935,2676,5604.0,18054,70,1,1,1.0,1000,6,1,false,73
724,890,2679,936,2679,5610.0,18075,70,1,1,1.0,1000,6,1,false,73
724,891,2682,936,2682,5610.0,18075,70,1,1,1.0,1000,6,1,false,73
724,892,2685,936,2685,5610.0,18075,70,1,1,1.0,1000,6,1,false,73
724,893,2688,936,2688,5610.0,18075,70,1,1,1.0,1000,6,1,false,73
724,894,2691,936,2691,5610.0,18075,70,1,1,1.0,1000,6,1,false,73
724,895,2694,936,2694,5610.0,18075,70,1,1,1.0,1000,6,1,false,73
724,896,2697,938,2697,5622.0,18113,70,1,1,1.0,1000,6,1,false,73
724,897,2700,938,2700,5622.0,18113,70,1,1,1.0,1000,6,1,false,73
724,898,2703,938,2703,5622.0,18113,70,1,1,1.0,1000,6,1,false,73
724,899,2706,939,2706,5628.0,18132,70,1,1,1.0,1000,6,1,false,73
724,900,2709,940,2709,5634.0,18146,70,1,1,1.0,1000,6,1,false,73
724,901,2712,940,2712,5634.0,18146,70,1,1,1.0,1000,6,1,false,73
724,902,2715,940,2715,5634.0,18146,70,1,1,1.0,1000,6,1,false,73
724,903,2718,941,2718,5640.0,18169,70,1,1,1.0,1000,6,1,false,73
724,904,2721,941,2721,5640.0,18169,70,1,1,1.0,1000,6,1,false,73
724,905,2724,941,2724,5640.0,18169,70,1,1,1.0,1000,6,1,false,73
724,906,2727,941,2727,5640.0,18169,70,1,1,1.0,1000,6,1,false,73
724,907,2730,941,2730,5640.0,18169,70,1,1,1.0,1000,6,1,false,73
724,908,2733,941,2733,5640.0,18169,70,1,1,1.0,1000,6,1,false,73
724,909,2736,942,2736,5646.0,18191,70,1,1,1.0,1000,6,1,false,73
724,910,2740,942,2740,5646.0,18191,70,1,1,1.0,1000,6,1,false,73
724,911,2743,942,2743,5646.0,18191,70,1,1,1.0,1000,6,1,false,73
724,912,2746,942,2746,5646.0,18191,70,1,1,1.0,1000,6,1,false,73
724,913,2749,943,2749,5652.0,18219,70,1,1,1.0,1000,6,1,false,73
724,914,2752,944,2752,5658.0,18231,70,1,1,1.0,1000,6,1,false,73
724,915,2756,944,2756,5658.0,18231,70,1,1,1.0,1000,6,1,false,73
724,916,2759,944,2759,5658.0,18231,70,1,1,1.0,1000,6,1,false,73
724,917,2762,944,2762,5658.0,18231,70,1,1,1.0,1000,6,1,false,73
724,918,2765,944,2765,5658.0,18231,70,1,1,1.0,1000,6,1,false,73
724,919,2768,944,2768,5658.0,18231,70,1,1,1.0,1000,6,1,false,73
724,920,2771,945,2771,5664.0,18252,70,1,1,1.0,1000,6,1,false,73
724,921,2774,945,2774,5664.0,18252,70,1,1,1.0,1000,6,1,false,73
724,922,2777,945,2777,5664.0,18252,70,1,1,1.0,1000,6,1,false,73
724,923,2780,945,2780,5664.0,18252,70,1,1,1.0,1000,6,1,false,73
724,924,2783,945,2783,5664.0,18252,70,1,1,1.0,1000,6,1,false,73
724,925,2786,945,2786,5664.0,18252,70,1,1,1.0,1000,6,1,false,73
724,926,2789,945,2789,5664.0,18252,70,1,1,1.0,1000,6,1,false,73
724,927,2792,945,2792,5664.0,18252,70,1,1,1.0,1000,6,1,false,73
724,928,2795,945,2795,5664.0,18252,70,1,1,1.0,1000,6,1,false,73
724,929,2798,945,2798,5664.0,18252,70,1,1,1.0,1000,6,1,false,73
724,930,2801,945,2801,5664.0,18252,70,1,1,1.0,1000,6,1,false,73
724,931,2804,945,2804,5664.0,18252,70,1,1,1.0,1000,6,1,false,73
724,932,2807,945,2807,5664.0,18252,70,1,1,1.0,1000,6,1,false,73
724,933,2810,945,2810,5664.0,18252,70,1,1,1.0,1000,6,1,false,73
724,934,2813,945,2813,5664.0,18252,70,1,1,1.0,1000,6,1,false,73
724,935,2816,946,2816,5670.0,18269,70,1,1,1.0,1000,6,1,false,73
724,936,2819,946,2819,5670.0,18269,70,1,1,1.0,1000,6,1,false,73
724,937,2822,946,2822,5670.0,18269,70,1,1,1.0,1000,6,1,false,73
724,938,2825,947,2825,5676.0,18284,70,1,1,1.0,1000,6,1,false,73
724,939,2828,947,2828,5676.0,18284,70,1,1,1.0,1000,6,1,false,73
724,940,2831,947,2831,5676.0,18284,70,1,1,1.0,1000,6,1,false,73
724,941,2834,947,2834,5676.0,18284,70,1,1,1.0,1000,6,1,false,73
724,942,2837,947,2837,5676.0,18284,70,1,1,1.0,1000,6,1,false,73
724,943,2840,947,2840,5676.0,18284,70,1,1,1.0,1000,6,1,false,73
724,944,2844,947,2844,5676.0,18284,70,1,1,1.0,1000,7,1,false,73
724,945,2847,947,2847,5676.0,18284,70,1,1,1.0,1000,6,1,false,73
724,946,2850,947,2850,5676.0,18284,70,1,1,1.0,1000,6,1,false,73
724,947,2853,947,2853,5676.0,18284,70,1,1,1.0,1000,6,1,false,73
724,948,2856,947,2856,5676.0,18284,70,1,1,1.0,1000,6,1,false,73
724,949,2859,947,2859,5676.0,18284,70,1,1,1.0,1000,6,1,false,73
724,950,2862,948,2862,5682.0,18302,70,1,1,1.0,1000,6,1,false,73
724,951,2865,948,2865,5682.0,18302,70,1,1,1.0,1000,6,1,false,73
724,952,2868,948,2868,5682.0,18302,70,1,1,1.0,1000,6,1,false,73
724,953,2871,949,2871,5688.0,18325,70,1,1,1.0,1000,6,1,false,73
724,954,2874,949,2874,5688.0,18325,70,1,1,1.0,1000,6,1,false,73
724,955,2877,949,2877,5688.0,18325,70,1,1,1.0,1000,6,1,false,73
724,956,2880,950,2880,5694.0,18339,70,1,1,1.0,1000,6,1,false,73
724,957,2883,950,2883,5694.0,18339,70,1,1,1.0,1000,6,1,false,73
724,958,2886,950,2886,5694.0,18339,70,1,1,1.0,1000,6,1,false,73
724,959,2889,951,2889,5700.0,18350,70,1,1,1.0,1000,6,1,false,73
724,960,2892,951,2892,5700.0,18350,70,1,1,1.0,1000,6,1,false,73
724,961,2895,951,2895,5700.0,18350,70,1,1,1.0,1000,6,1,false,73
724,962,2898,951,2898,5700.0,18350,70,1,1,1.0,1000,6,1,false,73
724,963,2902,951,2902,5700.0,18350,70,1,1,1.0,1000,6,1,false,73
724,964,2905,951,2905,5700.0,18350,70,1,1,1.0,1000,6,1,false,73
724,965,2908,951,2908,5700.0,18350,70,1,1,1.0,1000,6,1,false,73
724,966,2911,951,2911,5700.0,18350,70,1,1,1.0,1000,6,1,false,73
724,967,2915,951,2915,5700.0,18350,70,1,1,1.0,1000,7,1,false,73
724,968,2918,951,2918,5700.0,18350,70,1,1,1.0,1000,6,1,false,73
724,969,2921,951,2921,5700.0,18350,70,1,1,1.0,1000,6,1,false,73
724,970,2924,951,2924,5700.0,18350,70,1,1,1.0,1000,6,1,false,73
724,971,2927,951,2927,5700.0,18350,70,1,1,1.0,1000,6,1,false,73
724,972,2930,951,2930,5700.0,18350,70,1,1,1.0,1000,6,1,false,73
724,973,2933,951,2933,5700.0,18350,70,1,1,1.0,1000,6,1,false,73
724,974,2936,951,2936,5700.0,18350,70,1,1,1.0,1000,6,1,false,73
724,975,2939,951,2939,5700.0,18350,70,1,1,1.0,1000,6,1,false,73
724,976,2942,951,2942,5700.0,18350,70,1,1,1.0,1000,6,1,false,73
724,977,2945,951,2945,5700.0,18350,70,1,1,1.0,1000,6,1,false,73
724,978,2948,951,2948,5700.0,18350,70,1,1,1.0,1000,6,1,false,73
724,979,2951,951,2951,5700.0,18350,70,1,1,1.0,1000,6,1,false,73
724,980,2954,952,2954,5706.0,18371,70,1,1,1.0,1000,6,1,false,73
724,981,2957,952,2957,5706.0,18371,70,1,1,1.0,1000,6,1,false,73
724,982,2961,952,2961,5706.0,18371,70,1,1,1.0,1000,7,1,false,73
724,983,2964,952,2964,5706.0,18371,70,1,1,1.0,1000,6,1,false,73
724,984,2967,952,2967,5706.0,18371,70,1,1,1.0,1000,6,1,false,73
724,985,2970,952,2970,5706.0,18371,70,1,1,1.0,1000,6,1,false,73
724,986,2973,952,2973,5706.0,18371,70,1,1,1.0,1000,6,1,false,73
724,987,2977,952,2977,5706.0,18371,70,1,1,1.0,1000,6,1,false,73
724,988,2980,952,2980,5706.0,18371,70,1,1,1.0,1000,6,1,false,73
724,989,2983,952,2983,5706.0,18371,70,1,1,1.0,1000,6,1,false,73
724,990,2986,952,2986,5706.0,18371,70,1,1,1.0,1000,6,1,false,73
724,991,2989,952,2989,5706.0,18371,70,1,1,1.0,1000,6,1,false,73
724,992,2992,952,2992,5706.0,18371,70,1,1,1.0,1000,6,1,false,73
724,993,2995,952,2995,5706.0,18371,70,1,1,1.0,1000,6,1,false,73
724,994,2998,952,2998,5706.0,18371,70,1,1,1.0,1000,6,1,false,73
724,995,3001,952,3001,5706.0,18371,70,1,1,1.0,1000,6,1,false,73
724,996,3004,952,3004,5706.0,18371,70,1,1,1.0,1000,6,1,false,73
724,997,3007,952,3007,5706.0,18371,70,1,1,1.0,1000,6,1,false,73
724,998,3010,952,3010,5706.0,18371,70,1,1,1.0,1000,6,1,false,73
724,999,3013,952,3013,5706.0,18371,70,1,1,1.0,1000,6,1,false,73
724,1000,3016,953,3016,5712.0,18396,70,1,1,1.0,1000,6,1,false,73
724,1001,3019,953,3019,5712.0,18396,70,1,1,1.0,1000,6,1,false,73
724,1002,3022,953,3022,5712.0,18396,70,1,1,1.0,1000,6,1,false,73
724,1003,3025,953,3025,5712.0,18396,70,1,1,1.0,1000,6,1,false,73
724,1004,3028,955,3028,5724.0,18441,70,1,1,1.0,1000,6,1,false,73
724,1005,3031,955,3031,5724.0,18441,70,1,1,1.0,1000,6,1,false,73
724,1006,3034,955,3034,5724.0,18441,70,1,1,1.0,1000,6,1,false,73
724,1007,3037,956,3037,5730.0,18466,70,1,1,1.0,1000,6,1,false,73
724,1008,3040,956,3040,5730.0,18466,70,1,1,1.0,1000,6,1,false,73
724,1009,3043,956,3043,5730.0,18466,70,1,1,1.0,1000,6,1,false,73
724,1010,3046,956,3046,5730.0,18466,70,1,1,1.0,1000,6,1,false,73
724,1011,3049,956,3049,5730.0,18466,70,1,1,1.0,1000,6,1,false,73
724,1012,3052,956,3052,5730.0,18466,70,1,1,1.0,1000,6,1,false,73
724,1013,3055,956,3055,5730.0,18466,70,1,1,1.0,1000,6,1,false,73
724,1014,3058,957,3058,5736.0,18481,70,1,1,1.0,1000,6,1,false,73
724,1015,3062,957,3062,5736.0,18481,70,1,1,1.0,1000,6,1,false,73
724,1016,3065,958,3065,5742.0,18504,70,1,1,1.0,1000,6,1,false,73
724,1017,3068,958,3068,5742.0,18504,70,1,1,1.0,1000,6,1,false,73
724,1018,3071,958,3071,5742.0,18504,70,1,1,1.0,1000,6,1,false,73
724,1019,3074,958,3074,5742.0,18504,70,1,1,1.0,1000,6,1,false,73
724,1020,3077,958,3077,5742.0,18504,70,1,1,1.0,1000,7,1,false,73
724,1021,3081,958,3081,5742.0,18504,70,1,1,1.0,1000,6,1,false,73
724,1022,3084,959,3084,5748.0,18520,70,1,1,1.0,1000,6,1,false,73
724,1023,3087,959,3087,5748.0,18520,70,1,1,1.0,1000,6,1,false,73
724,1024,3090,959,3090,5748.0,18520,70,1,1,1.0,1000,6,1,false,73
724,1025,3092,959,3092,5748.0,18520,70,1,1,1.0,1000,6,1,false,73
724,1026,3095,960,3095,5754.0,18541,70,1,1,1.0,1000,6,1,false,73
724,1027,3098,960,3098,5754.0,18541,70,1,1,1.0,1000,6,1,false,73
724,1028,3101,960,3101,5754.0,18541,70,1,1,1.0,1000,6,1,false,73
724,1029,3104,960,3104,5754.0,18541,70,1,1,1.0,1000,6,1,false,73
724,1030,3107,960,3107,5754.0,18541,70,1,1,1.0,1000,6,1,false,73
724,1031,3110,960,3110,5754.0,18541,70,1,1,1.0,1000,6,1,false,73
724,1032,3113,960,3113,5754.0,18541,70,1,1,1.0,1000,6,1,false,73
724,1034,3120,960,3120,5754.0,18541,70,1,1,1.0,1000,6,1,false,73
724,1034,3120,960,3120,5754.0,18541,70,1,1,1.0,1000,6,1,false,73
724,1035,3123,960,3123,5754.0,18541,70,1,1,1.0,1000,6,1,false,73
724,1036,3126,960,3126,5754.0,18541,70,1,1,1.0,1000,6,1,false,73
724,1037,3129,960,3129,5754.0,18541,70,1,1,1.0,1000,6,1,false,73
724,1038,3132,960,3132,5754.0,18541,70,1,1,1.0,1000,6,1,false,73
724,1039,3135,960,3135,5754.0,18541,70,1,1,1.0,1000,6,1,false,73
724,1040,3138,960,3138,5754.0,18541,70,1,1,1.0,1000,6,1,false,73
724,1041,3141,961,3141,5760.0,18566,70,1,1,1.0,1000,6,1,false,73
724,1042,3144,962,3144,5766.0,18589,70,1,1,1.0,1000,6,1,false,73
724,1043,3147,962,3147,5766.0,18589,70,1,1,1.0,1000,6,1,false,73
724,1044,3150,963,3150,5772.0,18611,70,1,1,1.0,1000,6,1,false,73
724,1045,3153,963,3153,5772.0,18611,70,1,1,1.0,1000,6,1,false,73
724,1046,3156,963,3156,5772.0,18611,70,1,1,1.0,1000,6,1,false,73
724,1047,3159,963,3159,5772.0,18611,70,1,1,1.0,1000,6,1,false,73
724,1048,3162,963,3162,5772.0,18611,70,1,1,1.0,1000,6,1,false,73
724,1049,3165,963,3165,5772.0,18611,70,1,1,1.0,1000,6,1,false,73
724,1050,3168,963,3168,5772.0,18611,70,1,1,1.0,1000,6,1,false,73
724,1051,3171,963,3171,5772.0,18611,70,1,1,1.0,1000,6,1,false,73
724,1052,3174,963,3174,5772.0,18611,70,1,1,1.0,1000,6,1,false,73
724,1053,3177,964,3177,5778.0,18630,70,1,1,1.0,1000,6,1,false,73
724,1054,3180,964,3180,5778.0,18630,70,1,1,1.0,1000,6,1,false,73
724,1055,3183,964,3183,5778.0,18630,70,1,1,1.0,1000,6,1,false,73
724,1056,3186,964,3186,5778.0,18630,70,1,1,1.0,1000,6,1,false,73
724,1057,3189,964,3189,5778.0,18630,70,1,1,1.0,1000,6,1,false,73
724,1058,3192,964,3192,5778.0,18630,70,1,1,1.0,1000,6,1,false,73
724,1059,3195,964,3195,5778.0,18630,70,1,1,1.0,1000,6,1,false,73
724,1060,3198,964,3198,5778.0,18630,70,1,1,1.0,1000,6,1,false,73
724,1061,3201,964,3201,5778.0,18630,70,1,1,1.0,1000,6,1,false,73
724,1062,3204,965,3204,5784.0,18649,70,1,1,1.0,1000,6,1,false,73
724,1063,3207,966,3207,5790.0,18666,70,1,1,1.0,1000,6,1,false,73
724,1064,3210,966,3210,5790.0,18666,70,1,1,1.0,1000,6,1,false,73
724,1065,3213,966,3213,5790.0,18666,70,1,1,1.0,1000,6,1,false,73
724,1066,3216,966,3216,5790.0,18666,70,1,1,1.0,1000,6,1,false,73
724,1067,3219,966,3219,5790.0,18666,70,1,1,1.0,1000,6,1,false,73
724,1068,3222,966,3222,5790.0,18666,70,1,1,1.0,1000,6,1,false,73
724,1069,3225,966,3225,5790.0,18666,70,1,1,1.0,1000,6,1,false,73
724,1070,3227,966,3227,5790.0,18666,70,1,1,1.0,1000,6,1,false,73
724,1071,3230,966,3230,5790.0,18666,70,1,1,1.0,1000,6,1,false,73
724,1072,3233,967,3233,5796.0,18682,70,1,1,1.0,1000,6,1,false,73
724,1073,3236,967,3236,5796.0,18682,70,1,1,1.0,1000,6,1,false,73
724,1074,3239,967,3239,5796.0,18682,70,1,1,1.0,1000,6,1,false,73
724,1075,3242,967,3242,5796.0,18682,70,1,1,1.0,1000,6,1,false,73
724,1076,3245,968,3245,5802.0,18697,70,1,1,1.0,1000,6,1,false,73
724,1077,3248,968,3248,5802.0,18697,70,1,1,1.0,1000,6,1,false,73
724,1078,3251,968,3251,5802.0,18697,70,1,1,1.0,1000,7,1,false,73
724,1079,3254,968,3254,5802.0,18697,70,1,1,1.0,1000,6,1,false,73
724,1080,3257,969,3257,5808.0,18712,70,1,1,1.0,1000,6,1,false,73
724,1081,3260,969,3260,5808.0,18712,70,1,1,1.0,1000,6,1,false,73
724,1082,3263,969,3263,5808.0,18712,70,1,1,1.0,1000,6,1,false,73
724,1083,3266,970,3266,5814.0,18733,70,1,1,1.0,1000,6,1,false,73
724,1084,3269,970,3269,5814.0,18733,70,1,1,1.0,1000,6,1,false,73
724,1085,3272,970,3272,5814.0,18733,70,1,1,1.0,1000,6,1,false,73
724,1086,3275,970,3275,5814.0,18733,70,1,1,1.0,1000,6,1,false,73
724,1087,3278,970,3278,5814.0,18733,70,1,1,1.0,1000,6,1,false,73
724,1088,3282,970,3282,5814.0,18733,70,1,1,1.0,1000,7,1,false,73
724,1089,3285,970,3285,5814.0,18733,70,1,1,1.0,1000,6,1,false,73
724,1090,3288,970,3288,5814.0,18733,70,1,1,1.0,1000,6,1,false,73
724,1091,3291,970,3291,5814.0,18733,70,1,1,1.0,1000,6,1,false,73
724,1092,3294,971,3294,5820.0,18751,70,1,1,1.0,1000,6,1,false,73
724,1093,3297,971,3297,5820.0,18751,70,1,1,1.0,1000,6,1,false,73
724,1094,3300,971,3300,5820.0,18751,70,1,1,1.0,1000,6,1,false,73
724,1095,3303,971,3303,5820.0,18751,70,1,1,1.0,1000,6,1,false,73
724,1096,3306,972,3306,5826.0,18771,70,1,1,1.0,1000,6,1,false,73
724,1097,3309,972,3309,5826.0,18771,70,1,1,1.0,1000,6,1,false,73
724,1098,3312,972,3312,5826.0,18771,70,1,1,1.0,1000,6,1,false,73
724,1099,3315,972,3315,5826.0,18771,70,1,1,1.0,1000,6,1,false,73
724,1100,3318,973,3318,5832.0,18791,70,1,1,1.0,1000,6,1,false,73
724,1101,3321,973,3321,5832.0,18791,70,1,1,1.0,1000,6,1,false,73
724,1102,3324,974,3324,5838.0,18808,70,1,1,1.0,1000,6,1,false,73
724,1103,3327,974,3327,5838.0,18808,70,1,1,1.0,1000,6,1,false,73
724,1104,3330,974,3330,5838.0,18808,70,1,1,1.0,1000,6,1,false,73
724,1105,3333,974,3333,5838.0,18808,70,1,1,1.0,1000,6,1,false,73
724,1106,3336,974,3336,5838.0,18808,70,1,1,1.0,1000,6,1,false,73
724,1107,3339,974,3339,5838.0,18808,70,1,1,1.0,1000,6,1,false,73
724,1108,3342,974,3342,5838.0,18808,70,1,1,1.0,1000,6,1,false,73
724,1109,3345,974,3345,5838.0,18808,70,1,1,1.0,1000,6,1,false,73
724,1110,3348,974,3348,5838.0,18808,70,1,1,1.0,1000,6,1,false,73
724,1111,3351,974,3351,5838.0,18808,70,1,1,1.0,1000,6,1,false,73
724,1112,3354,974,3354,5838.0,18808,70,1,1,1.0,1000,6,1,false,73
724,1113,3357,975,3357,5844.0,18820,70,1,1,1.0,1000,6,1,false,73
724,1114,3360,975,3360,5844.0,18820,70,1,1,1.0,1000,6,1,false,73
724,1115,3363,975,3363,5844.0,18820,70,1,1,1.0,1000,6,1,false,73
724,1116,3366,975,3366,5844.0,18820,70,1,1,1.0,1000,6,1,false,73
724,1117,3369,976,3369,5850.0,18845,70,1,1,1.0,1000,6,1,false,73
724,1118,3372,976,3372,5850.0,18845,70,1,1,1.0,1000,6,1,false,73
724,1119,3375,976,3375,5850.0,18845,70,1,1,1.0,1000,6,1,false,73
724,1120,3378,976,3378,5850.0,18845,70,1,1,1.0,1000,6,1,false,73
724,1121,3381,976,3381,5850.0,18845,70,1,1,1.0,1000,6,1,false,73
724,1122,3384,976,3384,5850.0,18845,70,1,1,1.0,1000,6,1,false,73
724,1123,3387,976,3387,5850.0,18845,70,1,1,1.0,1000,6,1,false,73
724,1124,3390,976,3390,5850.0,18845,70,1,1,1.0,1000,6,1,false,73
724,1125,3393,976,3393,5850.0,18845,70,1,1,1.0,1000,6,1,false,73
724,1126,3396,976,3396,5850.0,18845,70,1,1,1.0,1000,6,1,false,73
724,1127,3399,976,3399,5850.0,18845,70,1,1,1.0,1000,6,1,false,73
724,1128,3402,976,3402,5850.0,18845,70,1,1,1.0,1000,6,1,false,73
724,1129,3405,976,3405,5850.0,18845,70,1,1,1.0,1000,6,1,false,73
724,1130,3408,976,3408,5850.0,18845,70,1,1,1.0,1000,6,1,false,73
724,1131,3411,976,3411,5850.0,18845,70,1,1,1.0,1000,6,1,false,73
724,1132,3414,976,3414,5850.0,18845,70,1,1,1.0,1000,6,1,false,73
724,1133,3417,976,3417,5850.0,18845,70,1,1,1.0,1000,6,1,false,73
724,1134,3420,976,3420,5850.0,18845,70,1,1,1.0,1000,6,1,false,73
724,1135,3423,976,3423,5850.0,18845,70,1,1,1.0,1000,6,1,false,73
724,1136,3426,976,3426,5850.0,18845,70,1,1,1.0,1000,6,1,false,73
724,1137,3429,976,3429,5850.0,18845,70,1,1,1.0,1000,6,1,false,73
724,1138,3432,976,3432,5850.0,18845,70,1,1,1.0,1000,6,1,false,73
724,1139,3435,977,3435,5856.0,18862,70,1,1,1.0,1000,6,1,false,73
724,1140,3438,977,3438,5856.0,18862,70,1,1,1.0,1000,6,1,false,73
724,1141,3441,977,3441,5856.0,18862,70,1,1,1.0,1000,6,1,false,73
724,1142,3444,977,3444,5856.0,18862,70,1,1,1.0,1000,6,1,false,73
724,1143,3447,977,3447,5856.0,18862,70,1,1,1.0,1000,6,1,false,73
724,1144,3450,977,3450,5856.0,18862,70,1,1,1.0,1000,6,1,false,73
724,1145,3453,977,3453,5856.0,18862,70,1,1,1.0,1000,6,1,false,73
724,1146,3456,978,3456,5862.0,18881,70,1,1,1.0,1000,6,1,false,73
724,1147,3459,978,3459,5862.0,18881,70,1,1,1.0,1000,6,1,false,73
724,1148,3462,978,3462,5862.0,18881,70,1,1,1.0,1000,6,1,false,73
724,1149,3465,978,3465,5862.0,18881,70,1,1,1.0,1000,6,1,false,73
724,1150,3468,978,3468,5862.0,18881,70,1,1,1.0,1000,6,1,false,73
724,1151,3472,979,3472,5868.0,18899,70,1,1,1.0,1000,7,1,false,73
724,1152,3475,979,3475,5868.0,18899,70,1,1,1.0,1000,6,1,false,73
724,1153,3478,979,3478,5868.0,18899,70,1,1,1.0,1000,6,1,false,73
724,1154,3481,979,3481,5868.0,18899,70,1,1,1.0,1000,6,1,false,73
724,1155,3484,979,3484,5868.0,18899,70,1,1,1.0,1000,6,1,false,73
724,1156,3487,979,3487,5868.0,18899,70,1,1,1.0,1000,6,1,false,73
724,1157,3490,979,3490,5868.0,18899,70,1,1,1.0,1000,6,1,false,73
724,1158,3493,979,3493,5868.0,18899,70,1,1,1.0,1000,6,1,false,73
724,1159,3496,979,3496,5868.0,18899,70,1,1,1.0,1000,6,1,false,73
724,1160,3499,979,3499,5868.0,18899,70,1,1,1.0,1000,6,1,false,73
724,1161,3502,980,3502,5874.0,18916,70,1,1,1.0,1000,6,1,false,73
724,1162,3505,980,3505,5874.0,18916,70,1,1,1.0,1000,6,1,false,73
724,1163,3508,980,3508,5874.0,18916,70,1,1,1.0,1000,6,1,false,73
724,1164,3511,980,3511,5874.0,18916,70,1,1,1.0,1000,6,1,false,73
724,1165,3514,980,3514,5874.0,18916,70,1,1,1.0,1000,6,1,false,73
724,1166,3517,981,3517,5880.0,18934,70,1,1,1.0,1000,6,1,false,73
724,1167,3520,981,3520,5880.0,18934,70,1,1,1.0,1000,6,1,false,73
724,1168,3523,981,3523,5880.0,18934,70,1,1,1.0,1000,6,1,false,73
724,1169,3526,981,3526,5880.0,18934,70,1,1,1.0,1000,6,1,false,73
724,1170,3529,981,3529,5880.0,18934,70,1,1,1.0,1000,6,1,false,73
724,1171,3532,981,3532,5880.0,18934,70,1,1,1.0,1000,6,1,false,73
724,1172,3535,981,3535,5880.0,18934,70,1,1,1.0,1000,6,1,false,73
724,1173,3538,981,3538,5880.0,18934,70,1,1,1.0,1000,6,1,false,73
724,1174,3541,981,3541,5880.0,18934,70,1,1,1.0,1000,6,1,false,73
724,1175,3544,981,3544,5880.0,18934,70,1,1,1.0,1000,6,1,false,73
724,1177,3550,981,3550,5880.0,18934,70,1,1,1.0,1000,6,1,false,73
724,1177,3550,981,3550,5880.0,18934,70,1,1,1.0,1000,6,1,false,73
724,1178,3553,981,3553,5880.0,18934,70,1,1,1.0,1000,6,1,false,73
724,1179,3557,981,3557,5880.0,18934,70,1,1,1.0,1000,7,1,false,73
724,1180,3560,981,3560,5880.0,18934,70,1,1,1.0,1000,6,1,false,73
724,1181,3563,981,3563,5880.0,18934,70,1,1,1.0,1000,6,1,false,73
724,1182,3566,981,3566,5880.0,18934,70,1,1,1.0,1000,6,1,false,73
724,1183,3569,981,3569,5880.0,18934,70,1,1,1.0,1000,6,1,false,73
724,1184,3572,982,3572,5886.0,18960,70,1,1,1.0,1000,6,1,false,73
724,1185,3575,982,3575,5886.0,18960,70,1,1,1.0,1000,6,1,false,73
724,1186,3578,982,3578,5886.0,18960,70,1,1,1.0,1000,6,1,false,73
724,1187,3581,982,3581,5886.0,18960,70,1,1,1.0,1000,6,1,false,73
724,1188,3584,982,3584,5886.0,18960,70,1,1,1.0,1000,6,1,false,73
724,1189,3587,983,3587,5892.0,18976,70,1,1,1.0,1000,6,1,false,73
724,1190,3590,983,3590,5892.0,18976,70,1,1,1.0,1000,6,1,false,73
724,1191,3593,983,3593,5892.0,18976,70,1,1,1.0,1000,6,1,false,73
724,1192,3596,983,3596,5892.0,18976,70,1,1,1.0,1000,6,1,false,73
724,1193,3599,983,3599,5892.0,18976,70,1,1,1.0,1000,6,1,false,73
724,1194,3602,983,3602,5892.0,18976,70,1,1,1.0,1000,6,1,false,73
724,1195,3605,983,3605,5892.0,18976,70,1,1,1.0,1000,6,1,false,73
724,1196,3608,983,3608,5892.0,18976,70,1,1,1.0,1000,6,1,false,73
724,1197,3611,983,3611,5892.0,18976,70,1,1,1.0,1000,6,1,false,73
724,1198,3614,983,3614,5892.0,18976,70,1,1,1.0,1000,6,1,false,73
724,1199,3617,983,3617,5892.0,18976,70,1,1,1.0,1000,6,1,false,73
724,1200,3620,983,3620,5892.0,18976,70,1,1,1.0,1000,6,1,false,73
724,1201,3623,983,3623,5892.0,18976,70,1,1,1.0,1000,6,1,false,73
724,1202,3626,983,3626,5892.0,18976,70,1,1,1.0,1000,6,1,false,73
724,1203,3629,983,3629,5892.0,18976,70,1,1,1.0,1000,6,1,false,73
724,1204,3632,983,3632,5892.0,18976,70,1,1,1.0,1000,6,1,false,73
724,1205,3635,983,3635,5892.0,18976,70,1,1,1.0,1000,6,1,false,73
724,1206,3638,983,3638,5892.0,18976,70,1,1,1.0,1000,6,1,false,73
724,1207,3641,983,3641,5892.0,18976,70,1,1,1.0,1000,6,1,false,73
724,1208,3644,983,3644,5892.0,18976,70,1,1,1.0,1000,6,1,false,73
724,1209,3647,983,3647,5892.0,18976,70,1,1,1.0,1000,6,1,false,73
724,1210,3650,983,3650,5892.0,18976,70,1,1,1.0,1000,6,1,false,73
724,1211,3653,983,3653,5892.0,18976,70,1,1,1.0,1000,6,1,false,73
724,1212,3656,983,3656,5892.0,18976,70,1,1,1.0,1000,6,1,false,73
724,1213,3659,983,3659,5892.0,18976,70,1,1,1.0,1000,6,1,false,73
724,1214,3662,983,3662,5892.0,18976,70,1,1,1.0,1000,6,1,false,73
724,1215,3665,983,3665,5892.0,18976,70,1,1,1.0,1000,6,1,false,73
724,1216,3668,983,3668,5892.0,18976,70,1,1,1.0,1000,6,1,false,73
724,1217,3671,983,3671,5892.0,18976,70,1,1,1.0,1000,6,1,false,73
724,1218,3674,983,3674,5892.0,18976,70,1,1,1.0,1000,6,1,false,73
724,1219,3677,983,3677,5892.0,18976,70,1,1,1.0,1000,6,1,false,73
724,1220,3680,983,3680,5892.0,18976,70,1,1,1.0,1000,6,1,false,73
724,1221,3683,983,3683,5892.0,18976,70,1,1,1.0,1000,6,1,false,73
724,1222,3686,983,3686,5892.0,18976,70,1,1,1.0,1000,6,1,false,73
724,1223,3689,983,3689,5892.0,18976,70,1,1,1.0,1000,6,1,false,73
724,1224,3692,983,3692,5892.0,18976,70,1,1,1.0,1000,6,1,false,73
724,1226,3698,983,3698,5892.0,18976,70,1,1,1.0,1000,6,1,false,73
724,1226,3698,983,3698,5892.0,18976,70,1,1,1.0,1000,6,1,false,73
724,1227,3701,983,3701,5892.0,18976,70,1,1,1.0,1000,6,1,false,73
724,1228,3704,983,3704,5892.0,18976,70,1,1,1.0,1000,6,1,false,73
724,1229,3707,983,3707,5892.0,18976,70,1,1,1.0,1000,6,1,false,73
724,1230,3710,983,3710,5892.0,18976,70,1,1,1.0,1000,6,1,false,73
724,1231,3713,983,3713,5892.0,18976,70,1,1,1.0,1000,6,1,false,73
724,1232,3716,983,3716,5892.0,18976,70,1,1,1.0,1000,6,1,false,73
724,1233,3719,983,3719,5892.0,18976,70,1,1,1.0,1000,6,1,false,73
724,1234,3722,983,3722,5892.0,18976,70,1,1,1.0,1000,6,1,false,73
724,1235,3725,983,3725,5892.0,18976,70,1,1,1.0,1000,6,1,false,73
724,1236,3728,983,3728,5892.0,18976,70,1,1,1.0,1000,6,1,false,73
724,1237,3731,983,3731,5892.0,18976,70,1,1,1.0,1000,6,1,false,73
724,1238,3734,983,3734,5892.0,18976,70,1,1,1.0,1000,6,1,false,73
724,1239,3736,983,3736,5892.0,18976,70,1,1,1.0,1000,6,1,false,73
724,1240,3739,984,3739,5898.0,19001,70,1,1,1.0,1000,6,1,false,73
724,1241,3742,984,3742,5898.0,19001,70,1,1,1.0,1000,6,1,false,73
724,1242,3745,984,3745,5898.0,19001,70,1,1,1.0,1000,6,1,false,73
724,1243,3748,984,3748,5898.0,19001,70,1,1,1.0,1000,6,1,false,73
724,1244,3751,984,3751,5898.0,19001,70,1,1,1.0,1000,6,1,false,73
724,1245,3754,984,3754,5898.0,19001,70,1,1,1.0,1000,6,1,false,73
724,1246,3758,985,3758,5904.0,19014,70,1,1,1.0,1000,7,1,false,73
724,1247,3761,985,3761,5904.0,19014,70,1,1,1.0,1000,6,1,false,73
724,1248,3764,986,3764,5910.0,19031,70,1,1,1.0,1000,6,1,false,73
724,1249,3767,986,3767,5910.0,19031,70,1,1,1.0,1000,6,1,false,73
724,1250,3770,986,3770,5910.0,19031,70,1,1,1.0,1000,6,1,false,73
724,1251,3773,986,3773,5910.0,19031,70,1,1,1.0,1000,6,1,false,73
724,1252,3776,986,3776,5910.0,19031,70,1,1,1.0,1000,6,1,false,73
724,1253,3779,986,3779,5910.0,19031,70,1,1,1.0,1000,6,1,false,73
724,1254,3782,986,3782,5910.0,19031,70,1,1,1.0,1000,6,1,false,73
724,1255,3785,986,3785,5910.0,19031,70,1,1,1.0,1000,6,1,false,73
724,1256,3788,986,3788,5910.0,19031,70,1,1,1.0,1000,6,1,false,73
724,1257,3791,986,3791,5910.0,19031,70,1,1,1.0,1000,6,1,false,73
724,1258,3794,986,3794,5910.0,19031,70,1,1,1.0,1000,6,1,false,73
724,1259,3797,986,3797,5910.0,19031,70,1,1,1.0,1000,6,1,false,73
724,1260,3800,986,3800,5910.0,19031,70,1,1,1.0,1000,6,1,false,73
724,1261,3803,986,3803,5910.0,19031,70,1,1,1.0,1000,6,1,false,73
724,1262,3806,986,3806,5910.0,19031,70,1,1,1.0,1000,6,1,false,73
724,1263,3809,986,3809,5910.0,19031,70,1,1,1.0,1000,6,1,false,73
724,1264,3812,986,3812,5910.0,19031,70,1,1,1.0,1000,6,1,false,73
724,1265,3814,986,3814,5910.0,19031,70,1,1,1.0,1000,6,1,false,73
724,1266,3818,986,3818,5910.0,19031,70,1,1,1.0,1000,6,1,false,73
724,1267,3821,986,3821,5910.0,19031,70,1,1,1.0,1000,6,1,false,73
724,1268,3824,986,3824,5910.0,19031,70,1,1,1.0,1000,6,1,false,73
724,1269,3827,986,3827,5910.0,19031,70,1,1,1.0,1000,6,1,false,73
724,1270,3830,986,3830,5910.0,19031,70,1,1,1.0,1000,6,1,false,73
724,1271,3833,986,3833,5910.0,19031,70,1,1,1.0,1000,6,1,false,73
724,1272,3836,986,3836,5910.0,19031,70,1,1,1.0,1000,6,1,false,73
724,1273,3839,986,3839,5910.0,19031,70,1,1,1.0,1000,6,1,false,73
724,1274,3842,986,3842,5910.0,19031,70,1,1,1.0,1000,6,1,false,73
724,1275,3845,986,3845,5910.0,19031,70,1,1,1.0,1000,6,1,false,73
724,1276,3848,986,3848,5910.0,19031,70,1,1,1.0,1000,6,1,false,73
724,1277,3851,986,3851,5910.0,19031,70,1,1,1.0,1000,6,1,false,73
724,1278,3854,986,3854,5910.0,19031,70,1,1,1.0,1000,6,1,false,73
724,1279,3857,986,3857,5910.0,19031,70,1,1,1.0,1000,6,1,false,73
724,1280,3860,986,3860,5910.0,19031,70,1,1,1.0,1000,6,1,false,73
724,1281,3863,986,3863,5910.0,19031,70,1,1,1.0,1000,6,1,false,73
724,1282,3866,986,3866,5910.0,19031,70,1,1,1.0,1000,6,1,false,73
724,1283,3869,986,3869,5910.0,19031,70,1,1,1.0,1000,6,1,false,73
724,1284,3872,987,3872,5916.0,19053,70,1,1,1.0,1000,6,1,false,73
724,1285,3875,987,3875,5916.0,19053,70,1,1,1.0,1000,6,1,false,73
724,1286,3878,987,3878,5916.0,19053,70,1,1,1.0,1000,6,1,false,73
724,1287,3881,987,3881,5916.0,19053,70,1,1,1.0,1000,6,1,false,73
724,1288,3884,987,3884,5916.0,19053,70,1,1,1.0,1000,6,1,false,73
724,1289,3887,987,3887,5916.0,19053,70,1,1,1.0,1000,6,1,false,73
724,1290,3890,987,3890,5916.0,19053,70,1,1,1.0,1000,6,1,false,73
724,1291,3893,987,3893,5916.0,19053,70,1,1,1.0,1000,6,1,false,73
724,1292,3896,987,3896,5916.0,19053,70,1,1,1.0,1000,6,1,false,73
724,1293,3899,987,3899,5916.0,19053,70,1,1,1.0,1000,6,1,false,73
724,1294,3902,987,3902,5916.0,19053,70,1,1,1.0,1000,6,1,false,73
724,1295,3905,987,3905,5916.0,19053,70,1,1,1.0,1000,6,1,false,73
724,1296,3908,987,3908,5916.0,19053,70,1,1,1.0,1000,6,1,false,73
724,1298,3914,987,3914,5916.0,19053,70,1,1,1.0,1000,6,1,false,73
724,1298,3914,987,3914,5916.0,19053,70,1,1,1.0,1000,6,1,false,73
724,1299,3917,987,3917,5916.0,19053,70,1,1,1.0,1000,6,1,false,73
724,1300,3920,987,3920,5916.0,19053,70,1,1,1.0,1000,6,1,false,73
724,1301,3923,987,3923,5916.0,19053,70,1,1,1.0,1000,6,1,false,73
724,1302,3926,987,3926,5916.0,19053,70,1,1,1.0,1000,6,1,false,73
724,1303,3929,987,3929,5916.0,19053,70,1,1,1.0,1000,6,1,false,73
724,1304,3932,987,3932,5916.0,19053,70,1,1,1.0,1000,6,1,false,73
724,1305,3935,988,3935,5922.0,19070,70,1,1,1.0,1000,6,1,false,73
724,1306,3938,988,3938,5922.0,19070,70,1,1,1.0,1000,6,1,false,73
724,1307,3941,988,3941,5922.0,19070,70,1,1,1.0,1000,6,1,false,73
724,1308,3944,988,3944,5922.0,19070,70,1,1,1.0,1000,6,1,false,73
724,1309,3947,988,3947,5922.0,19070,70,1,1,1.0,1000,6,1,false,73
724,1310,3950,988,3950,5922.0,19070,70,1,1,1.0,1000,6,1,false,73
724,1311,3953,988,3953,5922.0,19070,70,1,1,1.0,1000,6,1,false,73
724,1312,3956,988,3956,5922.0,19070,70,1,1,1.0,1000,6,1,false,73
724,1313,3959,988,3959,5922.0,19070,70,1,1,1.0,1000,6,1,false,73
724,1314,3962,988,3962,5922.0,19070,70,1,1,1.0,1000,6,1,false,73
724,1315,3965,988,3965,5922.0,19070,70,1,1,1.0,1000,6,1,false,73
724,1316,3968,988,3968,5922.0,19070,70,1,1,1.0,1000,6,1,false,73
724,1317,3971,988,3971,5922.0,19070,70,1,1,1.0,1000,6,1,false,73
724,1318,3973,988,3973,5922.0,19070,70,1,1,1.0,1000,6,1,false,73
724,1319,3976,988,3976,5922.0,19070,70,1,1,1.0,1000,6,1,false,73
724,1320,3979,988,3979,5922.0,19070,70,1,1,1.0,1000,6,1,false,73
724,1321,3982,988,3982,5922.0,19070,70,1,1,1.0,1000,6,1,false,73
724,1322,3985,988,3985,5922.0,19070,70,1,1,1.0,1000,6,1,false,73
724,1324,3991,988,3991,5922.0,19070,70,1,1,1.0,1000,6,1,false,73
724,1324,3991,988,3991,5922.0,19070,70,1,1,1.0,1000,6,1,false,73
724,1325,3994,988,3994,5922.0,19070,70,1,1,1.0,1000,6,1,false,73
724,1326,3997,988,3997,5922.0,19070,70,1,1,1.0,1000,6,1,false,73
724,1327,4000,988,4000,5922.0,19070,70,1,1,1.0,1000,6,1,false,73
724,1328,4003,988,4003,5922.0,19070,70,1,1,1.0,1000,6,1,false,73
724,1329,4006,988,4006,5922.0,19070,70,1,1,1.0,1000,6,1,false,73
724,1330,4009,988,4009,5922.0,19070,70,1,1,1.0,1000,6,1,false,73
724,1331,4012,988,4012,5922.0,19070,70,1,1,1.0,1000,6,1,false,73
724,1332,4015,988,4015,5922.0,19070,70,1,1,1.0,1000,6,1,false,73
724,1333,4018,988,4018,5922.0,19070,70,1,1,1.0,1000,6,1,false,73
724,1334,4021,988,4021,5922.0,19070,70,1,1,1.0,1000,6,1,false,73
724,1335,4024,988,4024,5922.0,19070,70,1,1,1.0,1000,6,1,false,73
724,1336,4027,988,4027,5922.0,19070,70,1,1,1.0,1000,6,1,false,73
724,1337,4030,988,4030,5922.0,19070,70,1,1,1.0,1000,6,1,false,73
724,1338,4033,988,4033,5922.0,19070,70,1,1,1.0,1000,6,1,false,73
724,1339,4036,988,4036,5922.0,19070,70,1,1,1.0,1000,6,1,false,73
724,1340,4039,988,4039,5922.0,19070,70,1,1,1.0,1000,6,1,false,73
724,1341,4042,988,4042,5922.0,19070,70,1,1,1.0,1000,6,1,false,73
724,1342,4045,988,4045,5922.0,19070,70,1,1,1.0,1000,6,1,false,73
724,1343,4048,988,4048,5922.0,19070,70,1,1,1.0,1000,6,1,false,73
724,1344,4052,988,4052,5922.0,19070,70,1,1,1.0,1000,6,1,false,73
724,1345,4055,988,4055,5922.0,19070,70,1,1,1.0,1000,6,1,false,73
724,1346,4058,988,4058,5922.0,19070,70,1,1,1.0,1000,6,1,false,73
724,1347,4061,988,4061,5922.0,19070,70,1,1,1.0,1000,6,1,false,73
724,1348,4064,988,4064,5922.0,19070,70,1,1,1.0,1000,6,1,false,73
724,1349,4067,988,4067,5922.0,19070,70,1,1,1.0,1000,7,1,false,73
724,1350,4070,988,4070,5922.0,19070,70,1,1,1.0,1000,6,1,false,73
724,1351,4073,988,4073,5922.0,19070,70,1,1,1.0,1000,6,1,false,73
724,1352,4077,988,4077,5922.0,19070,70,1,1,1.0,1000,6,1,false,73
724,1353,4080,988,4080,5922.0,19070,70,1,1,1.0,1000,6,1,false,73
724,1354,4083,988,4083,5922.0,19070,70,1,1,1.0,1000,6,1,false,73
724,1355,4086,988,4086,5922.0,19070,70,1,1,1.0,1000,6,1,false,73
724,1356,4089,988,4089,5922.0,19070,70,1,1,1.0,1000,6,1,false,73
724,1357,4092,988,4092,5922.0,19070,70,1,1,1.0,1000,6,1,false,73
724,1358,4095,988,4095,5922.0,19070,70,1,1,1.0,1000,6,1,false,73
724,1359,4098,988,4098,5922.0,19070,70,1,1,1.0,1000,6,1,false,73
724,1360,4101,988,4101,5922.0,19070,70,1,1,1.0,1000,6,1,false,73
724,1361,4104,988,4104,5922.0,19070,70,1,1,1.0,1000,6,1,false,73
724,1362,4107,988,4107,5922.0,19070,70,1,1,1.0,1000,6,1,false,73
724,1363,4110,988,4110,5922.0,19070,70,1,1,1.0,1000,6,1,false,73
724,1364,4113,988,4113,5922.0,19070,70,1,1,1.0,1000,6,1,false,73
724,1365,4116,988,4116,5922.0,19070,70,1,1,1.0,1000,6,1,false,73
724,1366,4119,989,4119,5928.0,19093,70,1,1,1.0,1000,6,1,false,73
724,1367,4122,989,4122,5928.0,19093,70,1,1,1.0,1000,6,1,false,73
724,1368,4125,989,4125,5928.0,19093,70,1,1,1.0,1000,6,1,false,73
724,1369,4128,989,4128,5928.0,19093,70,1,1,1.0,1000,6,1,false,73
724,1370,4131,989,4131,5928.0,19093,70,1,1,1.0,1000,6,1,false,73
724,1371,4134,989,4134,5928.0,19093,70,1,1,1.0,1000,6,1,false,73
724,1372,4137,989,4137,5928.0,19093,70,1,1,1.0,1000,6,1,false,73
724,1373,4140,989,4140,5928.0,19093,70,1,1,1.0,1000,6,1,false,73
724,1374,4143,989,4143,5928.0,19093,70,1,1,1.0,1000,6,1,false,73
724,1375,4146,989,4146,5928.0,19093,70,1,1,1.0,1000,6,1,false,73
724,1376,4149,990,4149,5934.0,19113,70,1,1,1.0,1000,6,1,false,73
724,1377,4152,990,4152,5934.0,19113,70,1,1,1.0,1000,6,1,false,73
724,1378,4155,990,4155,5934.0,19113,70,1,1,1.0,1000,6,1,false,73
724,1379,4158,990,4158,5934.0,19113,70,1,1,1.0,1000,6,1,false,73
724,1380,4161,990,4161,5934.0,19113,70,1,1,1.0,1000,6,1,false,73
724,1381,4164,990,4164,5934.0,19113,70,1,1,1.0,1000,6,1,false,73
724,1382,4167,990,4167,5934.0,19113,70,1,1,1.0,1000,6,1,false,73
724,1383,4170,990,4170,5934.0,19113,70,1,1,1.0,1000,6,1,false,73
724,1384,4173,990,4173,5934.0,19113,70,1,1,1.0,1000,6,1,false,73
724,1385,4176,990,4176,5934.0,19113,70,1,1,1.0,1000,6,1,false,73
724,1386,4179,990,4179,5934.0,19113,70,1,1,1.0,1000,6,1,false,73
724,1387,4182,990,4182,5934.0,19113,70,1,1,1.0,1000,6,1,false,73
724,1388,4186,990,4186,5934.0,19113,70,1,1,1.0,1000,6,1,false,73
724,1389,4189,990,4189,5934.0,19113,70,1,1,1.0,1000,6,1,false,73
724,1390,4192,990,4192,5934.0,19113,70,1,1,1.0,1000,6,1,false,73
724,1391,4195,991,4195,5940.0,19134,70,1,1,1.0,1000,6,1,false,73
724,1392,4198,991,4198,5940.0,19134,70,1,1,1.0,1000,6,1,false,73
724,1393,4201,991,4201,5940.0,19134,70,1,1,1.0,1000,6,1,false,73
724,1394,4204,991,4204,5940.0,19134,70,1,1,1.0,1000,6,1,false,73
724,1395,4207,991,4207,5940.0,19134,70,1,1,1.0,1000,6,1,false,73
724,1396,4210,991,4210,5940.0,19134,70,1,1,1.0,1000,6,1,false,73
724,1397,4213,991,4213,5940.0,19134,70,1,1,1.0,1000,6,1,false,73
724,1398,4216,991,4216,5940.0,19134,70,1,1,1.0,1000,6,1,false,73
724,1399,4219,991,4219,5940.0,19134,70,1,1,1.0,1000,6,1,false,73
724,1400,4222,991,4222,5940.0,19134,70,1,1,1.0,1000,6,1,false,73
724,1401,4225,991,4225,5940.0,19134,70,1,1,1.0,1000,6,1,false,73
724,1402,4228,991,4228,5940.0,19134,70,1,1,1.0,1000,6,1,false,73
724,1403,4231,991,4231,5940.0,19134,70,1,1,1.0,1000,6,1,false,73
724,1404,4234,991,4234,5940.0,19134,70,1,1,1.0,1000,6,1,false,73
724,1405,4237,991,4237,5940.0,19134,70,1,1,1.0,1000,6,1,false,73
724,1406,4240,991,4240,5940.0,19134,70,1,1,1.0,1000,6,1,false,73
724,1407,4243,991,4243,5940.0,19134,70,1,1,1.0,1000,6,1,false,73
724,1408,4246,991,4246,5940.0,19134,70,1,1,1.0,1000,6,1,false,73
724,1409,4249,991,4249,5940.0,19134,70,1,1,1.0,1000,6,1,false,73
724,1410,4252,991,4252,5940.0,19134,70,1,1,1.0,1000,6,1,false,73
724,1411,4255,991,4255,5940.0,19134,70,1,1,1.0,1000,6,1,false,73
724,1412,4258,991,4258,5940.0,19134,70,1,1,1.0,1000,6,1,false,73
724,1413,4261,991,4261,5940.0,19134,70,1,1,1.0,1000,6,1,false,73
724,1414,4263,991,4263,5940.0,19134,70,1,1,1.0,1000,6,1,false,73
724,1415,4266,991,4266,5940.0,19134,70,1,1,1.0,1000,7,1,false,73
724,1416,4269,992,4269,5946.0,19155,70,1,1,1.0,1000,6,1,false,73
724,1417,4272,992,4272,5946.0,19155,70,1,1,1.0,1000,6,1,false,73
724,1418,4275,992,4275,5946.0,19155,70,1,1,1.0,1000,6,1,false,73
724,1419,4278,992,4278,5946.0,19155,70,1,1,1.0,1000,6,1,false,73
724,1420,4281,992,4281,5946.0,19155,70,1,1,1.0,1000,6,1,false,73
724,1421,4284,992,4284,5946.0,19155,70,1,1,1.0,1000,6,1,false,73
724,1422,4287,992,4287,5946.0,19155,70,1,1,1.0,1000,6,1,false,73
724,1423,4290,992,4290,5946.0,19155,70,1,1,1.0,1000,6,1,false,73
724,1424,4294,992,4294,5946.0,19155,70,1,1,1.0,1000,6,1,false,73
724,1425,4297,992,4297,5946.0,19155,70,1,1,1.0,1000,6,1,false,73
724,1426,4300,992,4300,5946.0,19155,70,1,1,1.0,1000,6,1,false,73
724,1427,4303,992,4303,5946.0,19155,70,1,1,1.0,1000,6,1,false,73
724,1428,4306,992,4306,5946.0,19155,70,1,1,1.0,1000,6,1,false,73
724,1429,4309,992,4309,5946.0,19155,70,1,1,1.0,1000,6,1,false,73
724,1430,4312,992,4312,5946.0,19155,70,1,1,1.0,1000,6,1,false,73
724,1431,4315,992,4315,5946.0,19155,70,1,1,1.0,1000,6,1,false,73
724,1432,4318,992,4318,5946.0,19155,70,1,1,1.0,1000,6,1,false,73
724,1433,4321,992,4321,5946.0,19155,70,1,1,1.0,1000,6,1,false,73
724,1434,4324,992,4324,5946.0,19155,70,1,1,1.0,1000,6,1,false,73
724,1435,4327,992,4327,5946.0,19155,70,1,1,1.0,1000,6,1,false,73
724,1436,4330,992,4330,5946.0,19155,70,1,1,1.0,1000,6,1,false,73
724,1437,4333,992,4333,5946.0,19155,70,1,1,1.0,1000,6,1,false,73
724,1438,4336,992,4336,5946.0,19155,70,1,1,1.0,1000,6,1,false,73
724,1439,4339,992,4339,5946.0,19155,70,1,1,1.0,1000,6,1,false,73
724,1440,4342,992,4342,5946.0,19155,70,1,1,1.0,1000,6,1,false,73
724,1441,4345,993,4345,5952.0,19176,70,1,1,1.0,1000,6,1,false,73
724,1442,4347,993,4347,5952.0,19176,70,1,1,1.0,1000,6,1,false,73
724,1443,4350,993,4350,5952.0,19176,70,1,1,1.0,1000,6,1,false,73
724,1444,4353,993,4353,5952.0,19176,70,1,1,1.0,1000,6,1,false,73
724,1445,4356,993,4356,5952.0,19176,70,1,1,1.0,1000,6,1,false,73
724,1446,4359,993,4359,5952.0,19176,70,1,1,1.0,1000,6,1,false,73
724,1447,4362,993,4362,5952.0,19176,70,1,1,1.0,1000,6,1,false,73
724,1448,4365,993,4365,5952.0,19176,70,1,1,1.0,1000,6,1,false,73
724,1449,4368,993,4368,5952.0,19176,70,1,1,1.0,1000,6,1,false,73
724,1450,4371,993,4371,5952.0,19176,70,1,1,1.0,1000,6,1,false,73
724,1451,4374,993,4374,5952.0,19176,70,1,1,1.0,1000,6,1,false,73
724,1452,4377,993,4377,5952.0,19176,70,1,1,1.0,1000,6,1,false,73
724,1453,4380,993,4380,5952.0,19176,70,1,1,1.0,1000,6,1,false,73
724,1454,4383,993,4383,5952.0,19176,70,1,1,1.0,1000,6,1,false,73
724,1455,4386,993,4386,5952.0,19176,70,1,1,1.0,1000,6,1,false,73
724,1456,4389,993,4389,5952.0,19176,70,1,1,1.0,1000,6,1,false,73
724,1457,4392,993,4392,5952.0,19176,70,1,1,1.0,1000,6,1,false,73
724,1458,4395,993,4395,5952.0,19176,70,1,1,1.0,1000,6,1,false,73
724,1459,4398,993,4398,5952.0,19176,70,1,1,1.0,1000,6,1,false,73
724,1460,4401,993,4401,5952.0,19176,70,1,1,1.0,1000,6,1,false,73
724,1461,4404,993,4404,5952.0,19176,70,1,1,1.0,1000,6,1,false,73
724,1462,4407,993,4407,5952.0,19176,70,1,1,1.0,1000,6,1,false,73
724,1463,4410,993,4410,5952.0,19176,70,1,1,1.0,1000,6,1,false,73
724,1464,4413,993,4413,5952.0,19176,70,1,1,1.0,1000,6,1,false,73
724,1465,4416,993,4416,5952.0,19176,70,1,1,1.0,1000,6,1,false,73
724,1466,4419,993,4419,5952.0,19176,70,1,1,1.0,1000,6,1,false,73
724,1467,4422,993,4422,5952.0,19176,70,1,1,1.0,1000,6,1,false,73
724,1468,4425,993,4425,5952.0,19176,70,1,1,1.0,1000,6,1,false,73
724,1469,4428,993,4428,5952.0,19176,70,1,1,1.0,1000,6,1,false,73
724,1470,4431,993,4431,5952.0,19176,70,1,1,1.0,1000,6,1,false,73
724,1471,4434,993,4434,5952.0,19176,70,1,1,1.0,1000,6,1,false,73
724,1472,4437,993,4437,5952.0,19176,70,1,1,1.0,1000,6,1,false,73
724,1473,4440,993,4440,5952.0,19176,70,1,1,1.0,1000,6,1,false,73
724,1474,4443,993,4443,5952.0,19176,70,1,1,1.0,1000,6,1,false,73
724,1475,4446,993,4446,5952.0,19176,70,1,1,1.0,1000,6,1,false,73
724,1476,4449,993,4449,5952.0,19176,70,1,1,1.0,1000,6,1,false,73
724,1477,4452,993,4452,5952.0,19176,70,1,1,1.0,1000,6,1,false,73
724,1478,4455,993,4455,5952.0,19176,70,1,1,1.0,1000,6,1,false,73
724,1479,4457,993,4457,5952.0,19176,70,1,1,1.0,1000,6,1,false,73
724,1480,4460,993,4460,5952.0,19176,70,1,1,1.0,1000,6,1,false,73
724,1481,4463,993,4463,5952.0,19176,70,1,1,1.0,1000,6,1,false,73
724,1482,4466,993,4466,5952.0,19176,70,1,1,1.0,1000,6,1,false,73
724,1483,4469,993,4469,5952.0,19176,70,1,1,1.0,1000,6,1,false,73
724,1484,4472,993,4472,5952.0,19176,70,1,1,1.0,1000,6,1,false,73
724,1485,4475,993,4475,5952.0,19176,70,1,1,1.0,1000,6,1,false,73
724,1486,4478,994,4478,5958.0,19199,70,1,1,1.0,1000,6,1,false,73
724,1487,4481,994,4481,5958.0,19199,70,1,1,1.0,1000,6,1,false,73
724,1488,4484,994,4484,5958.0,19199,70,1,1,1.0,1000,6,1,false,73
724,1489,4487,994,4487,5958.0,19199,70,1,1,1.0,1000,6,1,false,73
724,1490,4490,994,4490,5958.0,19199,70,1,1,1.0,1000,6,1,false,73
724,1491,4493,994,4493,5958.0,19199,70,1,1,1.0,1000,6,1,false,73
724,1492,4496,994,4496,5958.0,19199,70,1,1,1.0,1000,6,1,false,73
724,1493,4499,994,4499,5958.0,19199,70,1,1,1.0,1000,6,1,false,73
724,1494,4502,994,4502,5958.0,19199,70,1,1,1.0,1000,6,1,false,73
724,1495,4505,994,4505,5958.0,19199,70,1,1,1.0,1000,6,1,false,73
724,1496,4508,994,4508,5958.0,19199,70,1,1,1.0,1000,6,1,false,73
724,1497,4511,994,4511,5958.0,19199,70,1,1,1.0,1000,6,1,false,73
724,1498,4514,994,4514,5958.0,19199,70,1,1,1.0,1000,6,1,false,73
724,1499,4517,994,4517,5958.0,19199,70,1,1,1.0,1000,6,1,false,73
724,1500,4520,994,4520,5958.0,19199,70,1,1,1.0,1000,6,1,false,73
724,1501,4523,994,4523,5958.0,19199,70,1,1,1.0,1000,6,1,false,73
724,1502,4526,994,4526,5958.0,19199,70,1,1,1.0,1000,6,1,false,73
724,1503,4529,994,4529,5958.0,19199,70,1,1,1.0,1000,6,1,false,73
724,1504,4532,994,4532,5958.0,19199,70,1,1,1.0,1000,6,1,false,73
724,1505,4535,994,4535,5958.0,19199,70,1,1,1.0,1000,6,1,false,73
724,1506,4538,994,4538,5958.0,19199,70,1,1,1.0,1000,6,1,false,73
724,1507,4541,994,4541,5958.0,19199,70,1,1,1.0,1000,6,1,false,73
724,1508,4544,994,4544,5958.0,19199,70,1,1,1.0,1000,6,1,false,73
724,1509,4547,994,4547,5958.0,19199,70,1,1,1.0,1000,6,1,false,73
724,1510,4550,994,4550,5958.0,19199,70,1,1,1.0,1000,6,1,false,73
724,1511,4553,994,4553,5958.0,19199,70,1,1,1.0,1000,6,1,false,73
724,1512,4556,994,4556,5958.0,19199,70,1,1,1.0,1000,6,1,false,73
724,1513,4559,994,4559,5958.0,19199,70,1,1,1.0,1000,6,1,false,73
724,1514,4562,994,4562,5958.0,19199,70,1,1,1.0,1000,6,1,false,73
724,1515,4565,994,4565,5958.0,19199,70,1,1,1.0,1000,6,1,false,73
724,1516,4568,994,4568,5958.0,19199,70,1,1,1.0,1000,6,1,false,73
724,1517,4571,994,4571,5958.0,19199,70,1,1,1.0,1000,6,1,false,73
724,1518,4574,994,4574,5958.0,19199,70,1,1,1.0,1000,6,1,false,73
724,1519,4577,994,4577,5958.0,19199,70,1,1,1.0,1000,6,1,false,73
724,1520,4580,994,4580,5958.0,19199,70,1,1,1.0,1000,6,1,false,73
724,1521,4583,994,4583,5958.0,19199,70,1,1,1.0,1000,6,1,false,73
724,1522,4586,994,4586,5958.0,19199,70,1,1,1.0,1000,6,1,false,73
724,1523,4589,994,4589,5958.0,19199,70,1,1,1.0,1000,6,1,false,73
724,1524,4592,994,4592,5958.0,19199,70,1,1,1.0,1000,6,1,false,73
724,1525,4595,994,4595,5958.0,19199,70,1,1,1.0,1000,6,1,false,73
724,1526,4599,994,4599,5958.0,19199,70,1,1,1.0,1000,7,1,false,73
724,1527,4602,994,4602,5958.0,19199,70,1,1,1.0,1000,6,1,false,73
724,1528,4605,994,4605,5958.0,19199,70,1,1,1.0,1000,6,1,false,73
724,1529,4608,994,4608,5958.0,19199,70,1,1,1.0,1000,6,1,false,73
724,1530,4611,994,4611,5958.0,19199,70,1,1,1.0,1000,6,1,false,73
724,1531,4614,994,4614,5958.0,19199,70,1,1,1.0,1000,6,1,false,73
724,1532,4617,994,4617,5958.0,19199,70,1,1,1.0,1000,6,1,false,73
724,1533,4620,994,4620,5958.0,19199,70,1,1,1.0,1000,6,1,false,73
724,1534,4623,994,4623,5958.0,19199,70,1,1,1.0,1000,6,1,false,73
724,1535,4626,994,4626,5958.0,19199,70,1,1,1.0,1000,6,1,false,73
724,1536,4629,994,4629,5958.0,19199,70,1,1,1.0,1000,6,1,false,73
724,1537,4632,994,4632,5958.0,19199,70,1,1,1.0,1000,6,1,false,73
724,1538,4635,995,4635,5964.0,19221,70,1,1,1.0,1000,6,1,false,73
724,1539,4638,995,4638,5964.0,19221,70,1,1,1.0,1000,6,1,false,73
724,1540,4641,995,4641,5964.0,19221,70,1,1,1.0,1000,6,1,false,73
724,1541,4644,995,4644,5964.0,19221,70,1,1,1.0,1000,6,1,false,73
724,1542,4647,995,4647,5964.0,19221,70,1,1,1.0,1000,6,1,false,73
724,1543,4650,995,4650,5964.0,19221,70,1,1,1.0,1000,6,1,false,73
724,1544,4653,995,4653,5964.0,19221,70,1,1,1.0,1000,6,1,false,73
724,1545,4656,995,4656,5964.0,19221,70,1,1,1.0,1000,6,1,false,73
724,1546,4659,995,4659,5964.0,19221,70,1,1,1.0,1000,6,1,false,73
724,1547,4662,995,4662,5964.0,19221,70,1,1,1.0,1000,6,1,false,73
724,1548,4665,995,4665,5964.0,19221,70,1,1,1.0,1000,6,1,false,73
724,1549,4668,995,4668,5964.0,19221,70,1,1,1.0,1000,6,1,false,73
724,1550,4671,995,4671,5964.0,19221,70,1,1,1.0,1000,6,1,false,73
724,1551,4675,995,4675,5964.0,19221,70,1,1,1.0,1000,6,1,false,73
724,1552,4678,995,4678,5964.0,19221,70,1,1,1.0,1000,6,1,false,73
724,1553,4681,995,4681,5964.0,19221,70,1,1,1.0,1000,6,1,false,73
724,1554,4684,995,4684,5964.0,19221,70,1,1,1.0,1000,6,1,false,73
724,1555,4687,995,4687,5964.0,19221,70,1,1,1.0,1000,6,1,false,73
724,1556,4690,995,4690,5964.0,19221,70,1,1,1.0,1000,6,1,false,73
724,1557,4693,995,4693,5964.0,19221,70,1,1,1.0,1000,6,1,false,73
724,1558,4696,995,4696,5964.0,19221,70,1,1,1.0,1000,6,1,false,73
724,1559,4699,995,4699,5964.0,19221,70,1,1,1.0,1000,6,1,false,73
724,1560,4702,995,4702,5964.0,19221,70,1,1,1.0,1000,6,1,false,73
724,1561,4705,995,4705,5964.0,19221,70,1,1,1.0,1000,6,1,false,73
724,1562,4708,995,4708,5964.0,19221,70,1,1,1.0,1000,6,1,false,73
724,1563,4711,995,4711,5964.0,19221,70,1,1,1.0,1000,6,1,false,73
724,1564,4714,995,4714,5964.0,19221,70,1,1,1.0,1000,6,1,false,73
724,1565,4717,995,4717,5964.0,19221,70,1,1,1.0,1000,6,1,false,73
724,1566,4720,995,4720,5964.0,19221,70,1,1,1.0,1000,6,1,false,73
724,1567,4723,995,4723,5964.0,19221,70,1,1,1.0,1000,6,1,false,73
724,1568,4726,995,4726,5964.0,19221,70,1,1,1.0,1000,6,1,false,73
724,1569,4729,995,4729,5964.0,19221,70,1,1,1.0,1000,6,1,false,73
724,1570,4732,995,4732,5964.0,19221,70,1,1,1.0,1000,6,1,false,73
724,1571,4735,995,4735,5964.0,19221,70,1,1,1.0,1000,6,1,false,73
724,1572,4738,995,4738,5964.0,19221,70,1,1,1.0,1000,6,1,false,73
724,1573,4741,995,4741,5964.0,19221,70,1,1,1.0,1000,6,1,false,73
724,1574,4744,995,4744,5964.0,19221,70,1,1,1.0,1000,6,1,false,73
724,1575,4747,995,4747,5964.0,19221,70,1,1,1.0,1000,6,1,false,73
724,1576,4750,995,4750,5964.0,19221,70,1,1,1.0,1000,6,1,false,73
724,1577,4753,995,4753,5964.0,19221,70,1,1,1.0,1000,6,1,false,73
724,1578,4756,995,4756,5964.0,19221,70,1,1,1.0,1000,6,1,false,73
724,1579,4759,995,4759,5964.0,19221,70,1,1,1.0,1000,6,1,false,73
724,1580,4762,995,4762,5964.0,19221,70,1,1,1.0,1000,6,1,false,73
724,1581,4765,995,4765,5964.0,19221,70,1,1,1.0,1000,6,1,false,73
724,1582,4768,995,4768,5964.0,19221,70,1,1,1.0,1000,6,1,false,73
724,1583,4771,995,4771,5964.0,19221,70,1,1,1.0,1000,6,1,false,73
724,1584,4774,995,4774,5964.0,19221,70,1,1,1.0,1000,6,1,false,73
724,1585,4777,995,4777,5964.0,19221,70,1,1,1.0,1000,6,1,false,73
724,1586,4780,995,4780,5964.0,19221,70,1,1,1.0,1000,6,1,false,73
724,1587,4783,995,4783,5964.0,19221,70,1,1,1.0,1000,6,1,false,73
724,1588,4786,995,4786,5964.0,19221,70,1,1,1.0,1000,6,1,false,73
724,1589,4789,995,4789,5964.0,19221,70,1,1,1.0,1000,6,1,false,73
724,1590,4792,995,4792,5964.0,19221,70,1,1,1.0,1000,6,1,false,73
724,1591,4795,995,4795,5964.0,19221,70,1,1,1.0,1000,6,1,false,73
724,1592,4798,995,4798,5964.0,19221,70,1,1,1.0,1000,6,1,false,73
724,1593,4801,995,4801,5964.0,19221,70,1,1,1.0,1000,6,1,false,73
724,1594,4804,995,4804,5964.0,19221,70,1,1,1.0,1000,6,1,false,73
724,1595,4807,995,4807,5964.0,19221,70,1,1,1.0,1000,6,1,false,73
724,1596,4810,995,4810,5964.0,19221,70,1,1,1.0,1000,6,1,false,73
724,1597,4813,995,4813,5964.0,19221,70,1,1,1.0,1000,6,1,false,73
724,1598,4816,995,4816,5964.0,19221,70,1,1,1.0,1000,6,1,false,73
724,1599,4819,995,4819,5964.0,19221,70,1,1,1.0,1000,6,1,false,73
724,1600,4822,995,4822,5964.0,19221,70,1,1,1.0,1000,6,1,false,73
724,1601,4825,995,4825,5964.0,19221,70,1,1,1.0,1000,6,1,false,73
724,1602,4828,995,4828,5964.0,19221,70,1,1,1.0,1000,6,1,false,73
724,1603,4831,995,4831,5964.0,19221,70,1,1,1.0,1000,6,1,false,73
724,1604,4834,995,4834,5964.0,19221,70,1,1,1.0,1000,6,1,false,73
724,1605,4837,995,4837,5964.0,19221,70,1,1,1.0,1000,6,1,false,73
724,1606,4840,995,4840,5964.0,19221,70,1,1,1.0,1000,6,1,false,73
724,1607,4843,995,4843,5964.0,19221,70,1,1,1.0,1000,6,1,false,73
724,1608,4846,995,4846,5964.0,19221,70,1,1,1.0,1000,6,1,false,73
724,1609,4849,995,4849,5964.0,19221,70,1,1,1.0,1000,6,1,false,73
724,1610,4852,995,4852,5964.0,19221,70,1,1,1.0,1000,6,1,false,73
724,1611,4854,995,4854,5964.0,19221,70,1,1,1.0,1000,6,1,false,73
724,1612,4857,995,4857,5964.0,19221,70,1,1,1.0,1000,6,1,false,73
724,1613,4860,995,4860,5964.0,19221,70,1,1,1.0,1000,6,1,false,73
724,1614,4863,995,4863,5964.0,19221,70,1,1,1.0,1000,6,1,false,73
724,1615,4866,995,4866,5964.0,19221,70,1,1,1.0,1000,6,1,false,73
724,1616,4869,995,4869,5964.0,19221,70,1,1,1.0,1000,6,1,false,73
724,1617,4872,995,4872,5964.0,19221,70,1,1,1.0,1000,6,1,false,73
724,1618,4875,995,4875,5964.0,19221,70,1,1,1.0,1000,6,1,false,73
724,1619,4878,995,4878,5964.0,19221,70,1,1,1.0,1000,6,1,false,73
724,1620,4881,995,4881,5964.0,19221,70,1,1,1.0,1000,6,1,false,73
724,1621,4884,995,4884,5964.0,19221,70,1,1,1.0,1000,6,1,false,73
724,1622,4887,995,4887,5964.0,19221,70,1,1,1.0,1000,6,1,false,73
724,1623,4890,995,4890,5964.0,19221,70,1,1,1.0,1000,6,1,false,73
724,1624,4893,995,4893,5964.0,19221,70,1,1,1.0,1000,6,1,false,73
724,1625,4896,995,4896,5964.0,19221,70,1,1,1.0,1000,6,1,false,73
724,1626,4899,995,4899,5964.0,19221,70,1,1,1.0,1000,6,1,false,73
724,1627,4902,995,4902,5964.0,19221,70,1,1,1.0,1000,6,1,false,73
724,1628,4905,995,4905,5964.0,19221,70,1,1,1.0,1000,6,1,false,73
724,1629,4908,995,4908,5964.0,19221,70,1,1,1.0,1000,6,1,false,73
724,1630,4911,995,4911,5964.0,19221,70,1,1,1.0,1000,6,1,false,73
724,1631,4914,995,4914,5964.0,19221,70,1,1,1.0,1000,6,1,false,73
724,1632,4917,995,4917,5964.0,19221,70,1,1,1.0,1000,6,1,false,73
724,1633,4920,995,4920,5964.0,19221,70,1,1,1.0,1000,6,1,false,73
724,1634,4923,995,4923,5964.0,19221,70,1,1,1.0,1000,6,1,false,73
724,1635,4926,995,4926,5964.0,19221,70,1,1,1.0,1000,6,1,false,73
724,1636,4929,995,4929,5964.0,19221,70,1,1,1.0,1000,6,1,false,73
724,1637,4932,995,4932,5964.0,19221,70,1,1,1.0,1000,6,1,false,73
724,1638,4935,995,4935,5964.0,19221,70,1,1,1.0,1000,6,1,false,73
724,1639,4938,995,4938,5964.0,19221,70,1,1,1.0,1000,6,1,false,73
724,1640,4942,995,4942,5964.0,19221,70,1,1,1.0,1000,6,1,false,73
724,1641,4945,995,4945,5964.0,19221,70,1,1,1.0,1000,6,1,false,73
724,1642,4948,995,4948,5964.0,19221,70,1,1,1.0,1000,6,1,false,73
724,1643,4951,995,4951,5964.0,19221,70,1,1,1.0,1000,6,1,false,73
724,1644,4954,995,4954,5964.0,19221,70,1,1,1.0,1000,6,1,false,73
724,1645,4957,995,4957,5964.0,19221,70,1,1,1.0,1000,6,1,false,73
724,1646,4960,995,4960,5964.0,19221,70,1,1,1.0,1000,6,1,false,73
724,1647,4963,995,4963,5964.0,19221,70,1,1,1.0,1000,6,1,false,73
724,1648,4966,995,4966,5964.0,19221,70,1,1,1.0,1000,6,1,false,73
724,1649,4969,995,4969,5964.0,19221,70,1,1,1.0,1000,6,1,false,73
724,1650,4972,995,4972,5964.0,19221,70,1,1,1.0,1000,6,1,false,73
724,1651,4975,995,4975,5964.0,19221,70,1,1,1.0,1000,6,1,false,73
724,1652,4978,995,4978,5964.0,19221,70,1,1,1.0,1000,6,1,false,73
724,1653,4981,995,4981,5964.0,19221,70,1,1,1.0,1000,6,1,false,73
724,1654,4984,995,4984,5964.0,19221,70,1,1,1.0,1000,6,1,false,73
724,1655,4987,996,4987,5970.0,19243,70,1,1,1.0,1000,6,1,false,73
724,1656,4990,996,4990,5970.0,19243,70,1,1,1.0,1000,6,1,false,73
724,1657,4993,996,4993,5970.0,19243,70,1,1,1.0,1000,6,1,false,73
724,1658,4996,996,4996,5970.0,19243,70,1,1,1.0,1000,6,1,false,73
724,1659,4999,996,4999,5970.0,19243,70,1,1,1.0,1000,6,1,false,73
724,1660,5002,996,5002,5970.0,19243,70,1,1,1.0,1000,6,1,false,73
724,1661,5005,996,5005,5970.0,19243,70,1,1,1.0,1000,6,1,false,73
724,1662,5008,996,5008,5970.0,19243,70,1,1,1.0,1000,6,1,false,73
724,1663,5011,996,5011,5970.0,19243,70,1,1,1.0,1000,6,1,false,73
724,1664,5014,996,5014,5970.0,19243,70,1,1,1.0,1000,6,1,false,73
724,1665,5017,996,5017,5970.0,19243,70,1,1,1.0,1000,6,1,false,73
724,1666,5020,996,5020,5970.0,19243,70,1,1,1.0,1000,6,1,false,73
724,1667,5023,996,5023,5970.0,19243,70,1,1,1.0,1000,6,1,false,73
724,1668,5026,996,5026,5970.0,19243,70,1,1,1.0,1000,6,1,false,73
724,1669,5029,996,5029,5970.0,19243,70,1,1,1.0,1000,6,1,false,73
724,1670,5032,996,5032,5970.0,19243,70,1,1,1.0,1000,6,1,false,73
724,1671,5035,996,5035,5970.0,19243,70,1,1,1.0,1000,6,1,false,73
724,1672,5038,996,5038,5970.0,19243,70,1,1,1.0,1000,6,1,false,73
724,1673,5041,996,5041,5970.0,19243,70,1,1,1.0,1000,6,1,false,73
724,1674,5044,996,5044,5970.0,19243,70,1,1,1.0,1000,6,1,false,73
724,1675,5047,996,5047,5970.0,19243,70,1,1,1.0,1000,6,1,false,73
724,1676,5050,996,5050,5970.0,19243,70,1,1,1.0,1000,6,1,false,73
724,1677,5053,996,5053,5970.0,19243,70,1,1,1.0,1000,6,1,false,73
724,1678,5056,996,5056,5970.0,19243,70,1,1,1.0,1000,6,1,false,73
724,1679,5059,996,5059,5970.0,19243,70,1,1,1.0,1000,6,1,false,73
724,1680,5062,996,5062,5970.0,19243,70,1,1,1.0,1000,6,1,false,73
724,1681,5065,996,5065,5970.0,19243,70,1,1,1.0,1000,6,1,false,73
724,1682,5068,996,5068,5970.0,19243,70,1,1,1.0,1000,6,1,false,73
724,1683,5071,996,5071,5970.0,19243,70,1,1,1.0,1000,6,1,false,73
724,1684,5074,996,5074,5970.0,19243,70,1,1,1.0,1000,6,1,false,73
724,1685,5077,996,5077,5970.0,19243,70,1,1,1.0,1000,6,1,false,73
724,1686,5080,996,5080,5970.0,19243,70,1,1,1.0,1000,6,1,false,73
724,1687,5083,996,5083,5970.0,19243,70,1,1,1.0,1000,6,1,false,73
724,1688,5086,996,5086,5970.0,19243,70,1,1,1.0,1000,6,1,false,73
724,1689,5089,996,5089,5970.0,19243,70,1,1,1.0,1000,6,1,false,73
724,1690,5092,996,5092,5970.0,19243,70,1,1,1.0,1000,6,1,false,73
724,1691,5095,996,5095,5970.0,19243,70,1,1,1.0,1000,6,1,false,73
724,1692,5098,996,5098,5970.0,19243,70,1,1,1.0,1000,6,1,false,73
724,1693,5101,996,5101,5970.0,19243,70,1,1,1.0,1000,6,1,false,73
724,1694,5104,996,5104,5970.0,19243,70,1,1,1.0,1000,6,1,false,73
724,1695,5107,996,5107,5970.0,19243,70,1,1,1.0,1000,6,1,false,73
724,1696,5110,996,5110,5970.0,19243,70,1,1,1.0,1000,6,1,false,73
724,1697,5113,996,5113,5970.0,19243,70,1,1,1.0,1000,6,1,false,73
724,1698,5116,996,5116,5970.0,19243,70,1,1,1.0,1000,6,1,false,73
724,1699,5119,996,5119,5970.0,19243,70,1,1,1.0,1000,6,1,false,73
724,1700,5122,996,5122,5970.0,19243,70,1,1,1.0,1000,6,1,false,73
724,1701,5125,996,5125,5970.0,19243,70,1,1,1.0,1000,6,1,false,73
724,1702,5128,996,5128,5970.0,19243,70,1,1,1.0,1000,6,1,false,73
724,1703,5131,996,5131,5970.0,19243,70,1,1,1.0,1000,6,1,false,73
724,1704,5134,996,5134,5970.0,19243,70,1,1,1.0,1000,6,1,false,73
724,1705,5137,996,5137,5970.0,19243,70,1,1,1.0,1000,6,1,false,73
724,1706,5140,996,5140,5970.0,19243,70,1,1,1.0,1000,6,1,false,73
724,1707,5143,996,5143,5970.0,19243,70,1,1,1.0,1000,6,1,false,73
724,1708,5146,996,5146,5970.0,19243,70,1,1,1.0,1000,6,1,false,73
724,1709,5149,996,5149,5970.0,19243,70,1,1,1.0,1000,6,1,false,73
724,1710,5152,996,5152,5970.0,19243,70,1,1,1.0,1000,6,1,false,73
724,1711,5155,996,5155,5970.0,19243,70,1,1,1.0,1000,6,1,false,73
724,1712,5158,996,5158,5970.0,19243,70,1,1,1.0,1000,6,1,false,73
724,1713,5161,996,5161,5970.0,19243,70,1,1,1.0,1000,6,1,false,73
724,1714,5164,996,5164,5970.0,19243,70,1,1,1.0,1000,6,1,false,73
724,1715,5167,996,5167,5970.0,19243,70,1,1,1.0,1000,6,1,false,73
724,1716,5170,996,5170,5970.0,19243,70,1,1,1.0,1000,6,1,false,73
724,1717,5173,996,5173,5970.0,19243,70,1,1,1.0,1000,6,1,false,73
724,1718,5176,996,5176,5970.0,19243,70,1,1,1.0,1000,6,1,false,73
724,1719,5179,996,5179,5970.0,19243,70,1,1,1.0,1000,6,1,false,73
724,1720,5182,996,5182,5970.0,19243,70,1,1,1.0,1000,6,1,false,73
724,1721,5185,996,5185,5970.0,19243,70,1,1,1.0,1000,6,1,false,73
724,1722,5188,996,5188,5970.0,19243,70,1,1,1.0,1000,6,1,false,73
724,1723,5191,996,5191,5970.0,19243,70,1,1,1.0,1000,6,1,false,73
724,1724,5194,996,5194,5970.0,19243,70,1,1,1.0,1000,6,1,false,73
724,1725,5197,996,5197,5970.0,19243,70,1,1,1.0,1000,6,1,false,73
724,1726,5200,996,5200,5970.0,19243,70,1,1,1.0,1000,6,1,false,73
724,1727,5203,996,5203,5970.0,19243,70,1,1,1.0,1000,6,1,false,73
724,1728,5205,996,5205,5970.0,19243,70,1,1,1.0,1000,6,1,false,73
724,1729,5208,996,5208,5970.0,19243,70,1,1,1.0,1000,6,1,false,73
724,1730,5211,996,5211,5970.0,19243,70,1,1,1.0,1000,6,1,false,73
724,1731,5214,996,5214,5970.0,19243,70,1,1,1.0,1000,6,1,false,73
724,1732,5217,996,5217,5970.0,19243,70,1,1,1.0,1000,6,1,false,73
724,1733,5220,996,5220,5970.0,19243,70,1,1,1.0,1000,6,1,false,73
724,1734,5223,996,5223,5970.0,19243,70,1,1,1.0,1000,6,1,false,73
724,1735,5226,996,5226,5970.0,19243,70,1,1,1.0,1000,6,1,false,73
724,1736,5229,996,5229,5970.0,19243,70,1,1,1.0,1000,6,1,false,73
724,1737,5232,996,5232,5970.0,19243,70,1,1,1.0,1000,6,1,false,73
724,1738,5235,996,5235,5970.0,19243,70,1,1,1.0,1000,6,1,false,73
724,1739,5238,996,5238,5970.0,19243,70,1,1,1.0,1000,6,1,false,73
724,1740,5241,997,5241,5976.0,19259,70,1,1,1.0,1000,6,1,false,73
724,1741,5244,997,5244,5976.0,19259,70,1,1,1.0,1000,6,1,false,73
724,1742,5247,997,5247,5976.0,19259,70,1,1,1.0,1000,6,1,false,73
724,1743,5250,997,5250,5976.0,19259,70,1,1,1.0,1000,6,1,false,73
724,1744,5253,997,5253,5976.0,19259,70,1,1,1.0,1000,6,1,false,73
724,1745,5256,997,5256,5976.0,19259,70,1,1,1.0,1000,6,1,false,73
724,1746,5259,997,5259,5976.0,19259,70,1,1,1.0,1000,6,1,false,73
724,1747,5262,997,5262,5976.0,19259,70,1,1,1.0,1000,6,1,false,73
724,1748,5265,997,5265,5976.0,19259,70,1,1,1.0,1000,6,1,false,73
724,1749,5268,997,5268,5976.0,19259,70,1,1,1.0,1000,6,1,false,73
724,1750,5271,997,5271,5976.0,19259,70,1,1,1.0,1000,6,1,false,73
724,1751,5274,997,5274,5976.0,19259,70,1,1,1.0,1000,6,1,false,73
724,1752,5277,997,5277,5976.0,19259,70,1,1,1.0,1000,6,1,false,73
724,1753,5280,997,5280,5976.0,19259,70,1,1,1.0,1000,6,1,false,73
724,1754,5283,997,5283,5976.0,19259,70,1,1,1.0,1000,6,1,false,73
724,1755,5286,997,5286,5976.0,19259,70,1,1,1.0,1000,6,1,false,73
724,1756,5289,997,5289,5976.0,19259,70,1,1,1.0,1000,6,1,false,73
724,1757,5292,997,5292,5976.0,19259,70,1,1,1.0,1000,6,1,false,73
724,1758,5295,997,5295,5976.0,19259,70,1,1,1.0,1000,6,1,false,73
724,1759,5298,997,5298,5976.0,19259,70,1,1,1.0,1000,6,1,false,73
724,1760,5301,997,5301,5976.0,19259,70,1,1,1.0,1000,6,1,false,73
724,1761,5304,998,5304,5982.0,19281,70,1,1,1.0,1000,6,1,false,73
724,1762,5307,998,5307,5982.0,19281,70,1,1,1.0,1000,6,1,false,73
724,1763,5310,998,5310,5982.0,19281,70,1,1,1.0,1000,6,1,false,73
724,1764,5313,998,5313,5982.0,19281,70,1,1,1.0,1000,6,1,false,73
724,1765,5316,998,5316,5982.0,19281,70,1,1,1.0,1000,6,1,false,73
724,1766,5320,998,5320,5982.0,19281,70,1,1,1.0,1000,6,1,false,73
724,1767,5323,998,5323,5982.0,19281,70,1,1,1.0,1000,6,1,false,73
724,1768,5326,998,5326,5982.0,19281,70,1,1,1.0,1000,6,1,false,73
724,1769,5329,998,5329,5982.0,19281,70,1,1,1.0,1000,6,1,false,73
724,1770,5332,998,5332,5982.0,19281,70,1,1,1.0,1000,6,1,false,73
724,1771,5335,998,5335,5982.0,19281,70,1,1,1.0,1000,6,1,false,73
724,1772,5338,998,5338,5982.0,19281,70,1,1,1.0,1000,6,1,false,73
724,1773,5341,998,5341,5982.0,19281,70,1,1,1.0,1000,6,1,false,73
724,1774,5344,998,5344,5982.0,19281,70,1,1,1.0,1000,6,1,false,73
724,1775,5347,998,5347,5982.0,19281,70,1,1,1.0,1000,6,1,false,73
724,1776,5350,998,5350,5982.0,19281,70,1,1,1.0,1000,6,1,false,73
724,1777,5353,998,5353,5982.0,19281,70,1,1,1.0,1000,6,1,false,73
724,1778,5356,998,5356,5982.0,19281,70,1,1,1.0,1000,6,1,false,73
724,1779,5359,998,5359,5982.0,19281,70,1,1,1.0,1000,6,1,false,73
724,1780,5362,998,5362,5982.0,19281,70,1,1,1.0,1000,6,1,false,73
724,1781,5365,998,5365,5982.0,19281,70,1,1,1.0,1000,6,1,false,73
724,1782,5368,998,5368,5982.0,19281,70,1,1,1.0,1000,6,1,false,73
724,1783,5371,998,5371,5982.0,19281,70,1,1,1.0,1000,6,1,false,73
724,1784,5374,998,5374,5982.0,19281,70,1,1,1.0,1000,6,1,false,73
724,1785,5377,998,5377,5982.0,19281,70,1,1,1.0,1000,6,1,false,73
724,1786,5380,998,5380,5982.0,19281,70,1,1,1.0,1000,6,1,false,73
724,1787,5383,998,5383,5982.0,19281,70,1,1,1.0,1000,6,1,false,73
724,1788,5386,998,5386,5982.0,19281,70,1,1,1.0,1000,6,1,false,73
724,1789,5389,998,5389,5982.0,19281,70,1,1,1.0,1000,6,1,false,73
724,1790,5392,998,5392,5982.0,19281,70,1,1,1.0,1000,6,1,false,73
724,1791,5395,998,5395,5982.0,19281,70,1,1,1.0,1000,6,1,false,73
724,1792,5398,998,5398,5982.0,19281,70,1,1,1.0,1000,6,1,false,73
724,1793,5401,998,5401,5982.0,19281,70,1,1,1.0,1000,6,1,false,73
724,1794,5404,998,5404,5982.0,19281,70,1,1,1.0,1000,6,1,false,73
724,1795,5407,998,5407,5982.0,19281,70,1,1,1.0,1000,6,1,false,73
724,1796,5410,998,5410,5982.0,19281,70,1,1,1.0,1000,6,1,false,73
724,1797,5413,998,5413,5982.0,19281,70,1,1,1.0,1000,6,1,false,73
724,1798,5416,998,5416,5982.0,19281,70,1,1,1.0,1000,6,1,false,73
724,1799,5419,998,5419,5982.0,19281,70,1,1,1.0,1000,6,1,false,73
724,1800,5422,998,5422,5982.0,19281,70,1,1,1.0,1000,6,1,false,73
724,1801,5425,998,5425,5982.0,19281,70,1,1,1.0,1000,6,1,false,73
724,1802,5428,998,5428,5982.0,19281,70,1,1,1.0,1000,6,1,false,73
724,1803,5431,998,5431,5982.0,19281,70,1,1,1.0,1000,6,1,false,73
724,1804,5434,998,5434,5982.0,19281,70,1,1,1.0,1000,6,1,false,73
724,1805,5437,998,5437,5982.0,19281,70,1,1,1.0,1000,6,1,false,73
724,1806,5440,998,5440,5982.0,19281,70,1,1,1.0,1000,6,1,false,73
724,1807,5443,998,5443,5982.0,19281,70,1,1,1.0,1000,6,1,false,73
724,1808,5446,998,5446,5982.0,19281,70,1,1,1.0,1000,6,1,false,73
724,1809,5449,998,5449,5982.0,19281,70,1,1,1.0,1000,6,1,false,73
724,1810,5452,998,5452,5982.0,19281,70,1,1,1.0,1000,6,1,false,73
724,1811,5455,998,5455,5982.0,19281,70,1,1,1.0,1000,6,1,false,73
724,1812,5459,998,5459,5982.0,19281,70,1,1,1.0,1000,6,1,false,73
724,1813,5462,998,5462,5982.0,19281,70,1,1,1.0,1000,6,1,false,73
724,1814,5465,998,5465,5982.0,19281,70,1,1,1.0,1000,6,1,false,73
724,1815,5468,998,5468,5982.0,19281,70,1,1,1.0,1000,6,1,false,73
724,1816,5471,998,5471,5982.0,19281,70,1,1,1.0,1000,6,1,false,73
724,1817,5474,998,5474,5982.0,19281,70,1,1,1.0,1000,6,1,false,73
724,1818,5477,998,5477,5982.0,19281,70,1,1,1.0,1000,6,1,false,73
724,1819,5480,998,5480,5982.0,19281,70,1,1,1.0,1000,6,1,false,73
724,1820,5483,998,5483,5982.0,19281,70,1,1,1.0,1000,6,1,false,73
724,1821,5486,998,5486,5982.0,19281,70,1,1,1.0,1000,6,1,false,73
724,1822,5489,998,5489,5982.0,19281,70,1,1,1.0,1000,6,1,false,73
724,1823,5492,998,5492,5982.0,19281,70,1,1,1.0,1000,6,1,false,73
724,1824,5495,998,5495,5982.0,19281,70,1,1,1.0,1000,6,1,false,73
724,1825,5498,998,5498,5982.0,19281,70,1,1,1.0,1000,6,1,false,73
724,1826,5501,998,5501,5982.0,19281,70,1,1,1.0,1000,6,1,false,73
724,1827,5504,998,5504,5982.0,19281,70,1,1,1.0,1000,6,1,false,73
724,1828,5508,998,5508,5982.0,19281,70,1,1,1.0,1000,6,1,false,73
724,1829,5511,998,5511,5982.0,19281,70,1,1,1.0,1000,6,1,false,73
724,1830,5514,998,5514,5982.0,19281,70,1,1,1.0,1000,6,1,false,73
724,1831,5518,998,5518,5982.0,19281,70,1,1,1.0,1000,7,1,false,73
724,1832,5521,998,5521,5982.0,19281,70,1,1,1.0,1000,6,1,false,73
724,1833,5524,998,5524,5982.0,19281,70,1,1,1.0,1000,6,1,false,73
724,1834,5527,998,5527,5982.0,19281,70,1,1,1.0,1000,6,1,false,73
724,1835,5530,998,5530,5982.0,19281,70,1,1,1.0,1000,6,1,false,73
724,1836,5533,998,5533,5982.0,19281,70,1,1,1.0,1000,6,1,false,73
724,1837,5536,998,5536,5982.0,19281,70,1,1,1.0,1000,6,1,false,73
724,1838,5539,998,5539,5982.0,19281,70,1,1,1.0,1000,6,1,false,73
724,1839,5542,998,5542,5982.0,19281,70,1,1,1.0,1000,6,1,false,73
724,1840,5545,998,5545,5982.0,19281,70,1,1,1.0,1000,6,1,false,73
724,1841,5548,998,5548,5982.0,19281,70,1,1,1.0,1000,6,1,false,73
724,1842,5550,998,5550,5982.0,19281,70,1,1,1.0,1000,6,1,false,73
724,1843,5554,998,5554,5982.0,19281,70,1,1,1.0,1000,6,1,false,73
724,1844,5557,998,5557,5982.0,19281,70,1,1,1.0,1000,6,1,false,73
724,1845,5560,998,5560,5982.0,19281,70,1,1,1.0,1000,6,1,false,73
724,1846,5563,998,5563,5982.0,19281,70,1,1,1.0,1000,6,1,false,73
724,1847,5566,998,5566,5982.0,19281,70,1,1,1.0,1000,6,1,false,73
724,1848,5569,998,5569,5982.0,19281,70,1,1,1.0,1000,6,1,false,73
724,1849,5572,998,5572,5982.0,19281,70,1,1,1.0,1000,6,1,false,73
724,1850,5575,998,5575,5982.0,19281,70,1,1,1.0,1000,6,1,false,73
724,1851,5578,998,5578,5982.0,19281,70,1,1,1.0,1000,6,1,false,73
724,1852,5581,998,5581,5982.0,19281,70,1,1,1.0,1000,6,1,false,73
724,1853,5584,998,5584,5982.0,19281,70,1,1,1.0,1000,6,1,false,73
724,1854,5587,998,5587,5982.0,19281,70,1,1,1.0,1000,6,1,false,73
724,1855,5590,998,5590,5982.0,19281,70,1,1,1.0,1000,6,1,false,73
724,1856,5593,998,5593,5982.0,19281,70,1,1,1.0,1000,6,1,false,73
724,1857,5596,998,5596,5982.0,19281,70,1,1,1.0,1000,6,1,false,73
724,1858,5599,998,5599,5982.0,19281,70,1,1,1.0,1000,6,1,false,73
724,1859,5602,998,5602,5982.0,19281,70,1,1,1.0,1000,6,1,false,73
724,1860,5605,998,5605,5982.0,19281,70,1,1,1.0,1000,6,1,false,73
724,1861,5608,998,5608,5982.0,19281,70,1,1,1.0,1000,6,1,false,73
724,1862,5611,998,5611,5982.0,19281,70,1,1,1.0,1000,6,1,false,73
724,1863,5614,998,5614,5982.0,19281,70,1,1,1.0,1000,6,1,false,73
724,1864,5617,998,5617,5982.0,19281,70,1,1,1.0,1000,6,1,false,73
724,1865,5620,998,5620,5982.0,19281,70,1,1,1.0,1000,6,1,false,73
724,1866,5623,998,5623,5982.0,19281,70,1,1,1.0,1000,6,1,false,73
724,1867,5627,998,5627,5982.0,19281,70,1,1,1.0,1000,7,1,false,73
724,1868,5630,998,5630,5982.0,19281,70,1,1,1.0,1000,6,1,false,73
724,1869,5633,998,5633,5982.0,19281,70,1,1,1.0,1000,6,1,false,73
724,1870,5636,998,5636,5982.0,19281,70,1,1,1.0,1000,6,1,false,73
724,1871,5639,998,5639,5982.0,19281,70,1,1,1.0,1000,6,1,false,73
724,1872,5642,998,5642,5982.0,19281,70,1,1,1.0,1000,6,1,false,73
724,1873,5645,998,5645,5982.0,19281,70,1,1,1.0,1000,6,1,false,73
724,1874,5648,998,5648,5982.0,19281,70,1,1,1.0,1000,6,1,false,73
724,1875,5651,998,5651,5982.0,19281,70,1,1,1.0,1000,6,1,false,73
724,1876,5654,998,5654,5982.0,19281,70,1,1,1.0,1000,6,1,false,73
724,1877,5657,998,5657,5982.0,19281,70,1,1,1.0,1000,6,1,false,73
724,1878,5660,998,5660,5982.0,19281,70,1,1,1.0,1000,6,1,false,73
724,1879,5663,998,5663,5982.0,19281,70,1,1,1.0,1000,6,1,false,73
724,1880,5666,998,5666,5982.0,19281,70,1,1,1.0,1000,6,1,false,73
724,1881,5669,998,5669,5982.0,19281,70,1,1,1.0,1000,6,1,false,73
724,1882,5672,998,5672,5982.0,19281,70,1,1,1.0,1000,6,1,false,73
724,1883,5675,998,5675,5982.0,19281,70,1,1,1.0,1000,6,1,false,73
724,1884,5678,998,5678,5982.0,19281,70,1,1,1.0,1000,6,1,false,73
724,1885,5681,998,5681,5982.0,19281,70,1,1,1.0,1000,6,1,false,73
724,1886,5684,998,5684,5982.0,19281,70,1,1,1.0,1000,6,1,false,73
724,1887,5687,998,5687,5982.0,19281,70,1,1,1.0,1000,6,1,false,73
724,1888,5690,998,5690,5982.0,19281,70,1,1,1.0,1000,6,1,false,73
724,1889,5693,998,5693,5982.0,19281,70,1,1,1.0,1000,6,1,false,73
724,1890,5696,998,5696,5982.0,19281,70,1,1,1.0,1000,6,1,false,73
724,1891,5699,998,5699,5982.0,19281,70,1,1,1.0,1000,6,1,false,73
724,1892,5702,998,5702,5982.0,19281,70,1,1,1.0,1000,6,1,false,73
724,1893,5705,998,5705,5982.0,19281,70,1,1,1.0,1000,6,1,false,73
724,1894,5708,998,5708,5982.0,19281,70,1,1,1.0,1000,6,1,false,73
724,1895,5711,998,5711,5982.0,19281,70,1,1,1.0,1000,6,1,false,73
724,1896,5713,998,5713,5982.0,19281,70,1,1,1.0,1000,6,1,false,73
724,1897,5716,998,5716,5982.0,19281,70,1,1,1.0,1000,6,1,false,73
724,1898,5719,998,5719,5982.0,19281,70,1,1,1.0,1000,6,1,false,73
724,1899,5723,998,5723,5982.0,19281,70,1,1,1.0,1000,6,1,false,73
724,1901,5729,998,5729,5982.0,19281,70,1,1,1.0,1000,6,1,false,73
724,1901,5729,998,5729,5982.0,19281,70,1,1,1.0,1000,6,1,false,73
724,1902,5732,998,5732,5982.0,19281,70,1,1,1.0,1000,6,1,false,73
724,1903,5735,998,5735,5982.0,19281,70,1,1,1.0,1000,6,1,false,73
724,1904,5738,998,5738,5982.0,19281,70,1,1,1.0,1000,6,1,false,73
724,1905,5741,998,5741,5982.0,19281,70,1,1,1.0,1000,6,1,false,73
724,1906,5744,998,5744,5982.0,19281,70,1,1,1.0,1000,6,1,false,73
724,1907,5747,998,5747,5982.0,19281,70,1,1,1.0,1000,6,1,false,73
724,1908,5750,998,5750,5982.0,19281,70,1,1,1.0,1000,6,1,false,73
724,1909,5753,998,5753,5982.0,19281,70,1,1,1.0,1000,6,1,false,73
724,1910,5756,998,5756,5982.0,19281,70,1,1,1.0,1000,6,1,false,73
724,1911,5759,998,5759,5982.0,19281,70,1,1,1.0,1000,6,1,false,73
724,1912,5762,998,5762,5982.0,19281,70,1,1,1.0,1000,6,1,false,73
724,1913,5765,998,5765,5982.0,19281,70,1,1,1.0,1000,6,1,false,73
724,1914,5768,998,5768,5982.0,19281,70,1,1,1.0,1000,6,1,false,73
724,1915,5771,999,5771,5988.0,19300,70,1,1,1.0,1000,6,1,false,73
724,1916,5774,999,5774,5988.0,19300,70,1,1,1.0,1000,6,1,false,73
724,1917,5777,999,5777,5988.0,19300,70,1,1,1.0,1000,6,1,false,73
724,1918,5780,999,5780,5988.0,19300,70,1,1,1.0,1000,6,1,false,73
724,1919,5783,999,5783,5988.0,19300,70,1,1,1.0,1000,6,1,false,73
724,1920,5786,999,5786,5988.0,19300,70,1,1,1.0,1000,6,1,false,73
724,1921,5789,999,5789,5988.0,19300,70,1,1,1.0,1000,6,1,false,73
724,1922,5792,999,5792,5988.0,19300,70,1,1,1.0,1000,6,1,false,73
724,1923,5795,999,5795,5988.0,19300,70,1,1,1.0,1000,6,1,false,73
724,1924,5798,999,5798,5988.0,19300,70,1,1,1.0,1000,6,1,false,73
724,1925,5801,999,5801,5988.0,19300,70,1,1,1.0,1000,6,1,false,73
724,1926,5804,999,5804,5988.0,19300,70,1,1,1.0,1000,6,1,false,73
724,1927,5807,999,5807,5988.0,19300,70,1,1,1.0,1000,6,1,false,73
724,1928,5810,999,5810,5988.0,19300,70,1,1,1.0,1000,6,1,false,73
724,1929,5813,999,5813,5988.0,19300,70,1,1,1.0,1000,6,1,false,73
724,1930,5816,999,5816,5988.0,19300,70,1,1,1.0,1000,6,1,false,73
724,1931,5819,999,5819,5988.0,19300,70,1,1,1.0,1000,6,1,false,73
724,1932,5822,999,5822,5988.0,19300,70,1,1,1.0,1000,6,1,false,73
724,1933,5825,999,5825,5988.0,19300,70,1,1,1.0,1000,6,1,false,73
724,1934,5828,999,5828,5988.0,19300,70,1,1,1.0,1000,6,1,false,73
724,1935,5831,999,5831,5988.0,19300,70,1,1,1.0,1000,6,1,false,73
724,1936,5834,999,5834,5988.0,19300,70,1,1,1.0,1000,6,1,false,73
724,1937,5837,999,5837,5988.0,19300,70,1,1,1.0,1000,6,1,false,73
724,1938,5840,999,5840,5988.0,19300,70,1,1,1.0,1000,6,1,false,73
724,1939,5843,999,5843,5988.0,19300,70,1,1,1.0,1000,6,1,false,73
724,1940,5846,999,5846,5988.0,19300,70,1,1,1.0,1000,6,1,false,73
724,1941,5849,999,5849,5988.0,19300,70,1,1,1.0,1000,6,1,false,73
724,1942,5852,999,5852,5988.0,19300,70,1,1,1.0,1000,6,1,false,73
724,1943,5855,999,5855,5988.0,19300,70,1,1,1.0,1000,6,1,false,73
724,1944,5858,999,5858,5988.0,19300,70,1,1,1.0,1000,6,1,false,73
724,1945,5861,999,5861,5988.0,19300,70,1,1,1.0,1000,6,1,false,73
724,1946,5864,999,5864,5988.0,19300,70,1,1,1.0,1000,6,1,false,73
724,1947,5867,999,5867,5988.0,19300,70,1,1,1.0,1000,6,1,false,73
724,1948,5870,999,5870,5988.0,19300,70,1,1,1.0,1000,6,1,false,73
724,1949,5873,999,5873,5988.0,19300,70,1,1,1.0,1000,6,1,false,73
724,1950,5876,999,5876,5988.0,19300,70,1,1,1.0,1000,6,1,false,73
724,1951,5880,999,5880,5988.0,19300,70,1,1,1.0,1000,7,1,false,73
724,1952,5883,999,5883,5988.0,19300,70,1,1,1.0,1000,6,1,false,73
724,1953,5886,999,5886,5988.0,19300,70,1,1,1.0,1000,6,1,false,73
724,1954,5889,999,5889,5988.0,19300,70,1,1,1.0,1000,6,1,false,73
724,1955,5892,999,5892,5988.0,19300,70,1,1,1.0,1000,6,1,false,73
724,1956,5895,999,5895,5988.0,19300,70,1,1,1.0,1000,6,1,false,73
724,1957,5898,999,5898,5988.0,19300,70,1,1,1.0,1000,6,1,false,73
724,1958,5901,999,5901,5988.0,19300,70,1,1,1.0,1000,6,1,false,73
724,1959,5904,999,5904,5988.0,19300,70,1,1,1.0,1000,6,1,false,73
724,1960,5907,999,5907,5988.0,19300,70,1,1,1.0,1000,6,1,false,73
724,1961,5910,999,5910,5988.0,19300,70,1,1,1.0,1000,6,1,false,73
724,1962,5913,999,5913,5988.0,19300,70,1,1,1.0,1000,6,1,false,73
724,1963,5916,999,5916,5988.0,19300,70,1,1,1.0,1000,6,1,false,73
724,1964,5919,999,5919,5988.0,19300,70,1,1,1.0,1000,6,1,false,73
724,1965,5922,999,5922,5988.0,19300,70,1,1,1.0,1000,6,1,false,73
724,1966,5925,999,5925,5988.0,19300,70,1,1,1.0,1000,6,1,false,73
724,1967,5928,999,5928,5988.0,19300,70,1,1,1.0,1000,6,1,false,73
724,1968,5931,999,5931,5988.0,19300,70,1,1,1.0,1000,6,1,false,73
724,1969,5934,999,5934,5988.0,19300,70,1,1,1.0,1000,6,1,false,73
724,1970,5937,999,5937,5988.0,19300,70,1,1,1.0,1000,6,1,false,73
724,1971,5940,999,5940,5988.0,19300,70,1,1,1.0,1000,6,1,false,73
724,1972,5943,999,5943,5988.0,19300,70,1,1,1.0,1000,6,1,false,73
724,1973,5946,999,5946,5988.0,19300,70,1,1,1.0,1000,6,1,false,73
724,1974,5949,999,5949,5988.0,19300,70,1,1,1.0,1000,6,1,false,73
724,1975,5952,999,5952,5988.0,19300,70,1,1,1.0,1000,6,1,false,73
724,1976,5955,999,5955,5988.0,19300,70,1,1,1.0,1000,6,1,false,73
724,1977,5958,999,5958,5988.0,19300,70,1,1,1.0,1000,6,1,false,73
724,1978,5961,999,5961,5988.0,19300,70,1,1,1.0,1000,6,1,false,73
724,1979,5964,999,5964,5988.0,19300,70,1,1,1.0,1000,6,1,false,73
724,1980,5967,999,5967,5988.0,19300,70,1,1,1.0,1000,6,1,false,73
724,1981,5970,999,5970,5988.0,19300,70,1,1,1.0,1000,6,1,false,73
724,1982,5973,999,5973,5988.0,19300,70,1,1,1.0,1000,6,1,false,73
724,1983,5975,999,5975,5988.0,19300,70,1,1,1.0,1000,6,1,false,73
724,1984,5978,999,5978,5988.0,19300,70,1,1,1.0,1000,6,1,false,73
724,1985,5981,999,5981,5988.0,19300,70,1,1,1.0,1000,6,1,false,73
724,1986,5984,999,5984,5988.0,19300,70,1,1,1.0,1000,6,1,false,73
724,1987,5987,999,5987,5988.0,19300,70,1,1,1.0,1000,6,1,false,73
724,1988,5990,999,5990,5988.0,19300,70,1,1,1.0,1000,6,1,false,73
724,1989,5993,999,5993,5988.0,19300,70,1,1,1.0,1000,6,1,false,73
724,1990,5996,999,5996,5988.0,19300,70,1,1,1.0,1000,6,1,false,73
724,1991,5999,999,5999,5988.0,19300,70,1,1,1.0,1000,7,1,false,73
724,1992,6002,999,6002,5988.0,19300,70,1,1,1.0,1000,6,1,false,73
724,1993,6005,999,6005,5988.0,19300,70,1,1,1.0,1000,6,1,false,73
724,1994,6008,999,6008,5988.0,19300,70,1,1,1.0,1000,6,1,false,73
724,1995,6011,999,6011,5988.0,19300,70,1,1,1.0,1000,6,1,false,73
724,1996,6014,999,6014,5988.0,19300,70,1,1,1.0,1000,6,1,false,73
724,1997,6017,999,6017,5988.0,19300,70,1,1,1.0,1000,6,1,false,73
724,1998,6020,999,6020,5988.0,19300,70,1,1,1.0,1000,6,1,false,73
724,1999,6023,999,6023,5988.0,19300,70,1,1,1.0,1000,6,1,false,73
724,2000,6026,999,6026,5988.0,19300,70,1,1,1.0,1000,6,1,false,73
724,2001,6029,999,6029,5988.0,19300,70,1,1,1.0,1000,6,1,false,73
724,2002,6032,999,6032,5988.0,19300,70,1,1,1.0,1000,6,1,false,73
724,2003,6035,999,6035,5988.0,19300,70,1,1,1.0,1000,6,1,false,73
724,2004,6038,999,6038,5988.0,19300,70,1,1,1.0,1000,6,1,false,73
724,2005,6041,999,6041,5988.0,19300,70,1,1,1.0,1000,6,1,false,73
724,2006,6044,999,6044,5988.0,19300,70,1,1,1.0,1000,6,1,false,73
724,2007,6047,999,6047,5988.0,19300,70,1,1,1.0,1000,6,1,false,73
724,2008,6050,999,6050,5988.0,19300,70,1,1,1.0,1000,6,1,false,73
724,2009,6053,999,6053,5988.0,19300,70,1,1,1.0,1000,6,1,false,73
724,2010,6056,999,6056,5988.0,19300,70,1,1,1.0,1000,6,1,false,73
724,2011,6059,999,6059,5988.0,19300,70,1,1,1.0,1000,6,1,false,73
724,2012,6062,999,6062,5988.0,19300,70,1,1,1.0,1000,6,1,false,73
724,2013,6065,999,6065,5988.0,19300,70,1,1,1.0,1000,6,1,false,73
724,2014,6068,999,6068,5988.0,19300,70,1,1,1.0,1000,6,1,false,73
724,2015,6071,999,6071,5988.0,19300,70,1,1,1.0,1000,6,1,false,73
724,2016,6074,999,6074,5988.0,19300,70,1,1,1.0,1000,6,1,false,73
724,2017,6077,999,6077,5988.0,19300,70,1,1,1.0,1000,6,1,false,73
724,2018,6080,999,6080,5988.0,19300,70,1,1,1.0,1000,6,1,false,73
724,2019,6083,999,6083,5988.0,19300,70,1,1,1.0,1000,6,1,false,73
724,2020,6086,999,6086,5988.0,19300,70,1,1,1.0,1000,6,1,false,73
724,2021,6089,999,6089,5988.0,19300,70,1,1,1.0,1000,6,1,false,73
724,2022,6092,999,6092,5988.0,19300,70,1,1,1.0,1000,6,1,false,73
724,2023,6095,999,6095,5988.0,19300,70,1,1,1.0,1000,6,1,false,73
724,2024,6098,999,6098,5988.0,19300,70,1,1,1.0,1000,6,1,false,73
724,2025,6101,999,6101,5988.0,19300,70,1,1,1.0,1000,6,1,false,73
724,2026,6104,999,6104,5988.0,19300,70,1,1,1.0,1000,6,1,false,73
724,2027,6107,999,6107,5988.0,19300,70,1,1,1.0,1000,6,1,false,73
724,2028,6110,999,6110,5988.0,19300,70,1,1,1.0,1000,6,1,false,73
724,2029,6113,999,6113,5988.0,19300,70,1,1,1.0,1000,6,1,false,73
724,2030,6116,999,6116,5988.0,19300,70,1,1,1.0,1000,6,1,false,73
724,2031,6119,999,6119,5988.0,19300,70,1,1,1.0,1000,6,1,false,73
724,2032,6122,999,6122,5988.0,19300,70,1,1,1.0,1000,6,1,false,73
724,2033,6125,999,6125,5988.0,19300,70,1,1,1.0,1000,6,1,false,73
724,2034,6128,999,6128,5988.0,19300,70,1,1,1.0,1000,6,1,false,73
724,2035,6131,999,6131,5988.0,19300,70,1,1,1.0,1000,6,1,false,73
724,2036,6134,999,6134,5988.0,19300,70,1,1,1.0,1000,6,1,false,73
724,2037,6137,999,6137,5988.0,19300,70,1,1,1.0,1000,6,1,false,73
724,2038,6140,999,6140,5988.0,19300,70,1,1,1.0,1000,6,1,false,73
724,2039,6143,999,6143,5988.0,19300,70,1,1,1.0,1000,6,1,false,73
724,2040,6146,999,6146,5988.0,19300,70,1,1,1.0,1000,6,1,false,73
724,2041,6149,999,6149,5988.0,19300,70,1,1,1.0,1000,6,1,false,73
724,2042,6152,999,6152,5988.0,19300,70,1,1,1.0,1000,6,1,false,73
724,2043,6155,999,6155,5988.0,19300,70,1,1,1.0,1000,6,1,false,73
724,2044,6158,999,6158,5988.0,19300,70,1,1,1.0,1000,6,1,false,73
724,2045,6161,999,6161,5988.0,19300,70,1,1,1.0,1000,6,1,false,73
724,2046,6164,999,6164,5988.0,19300,70,1,1,1.0,1000,6,1,false,73
724,2047,6167,999,6167,5988.0,19300,70,1,1,1.0,1000,6,1,false,73
724,2048,6170,999,6170,5988.0,19300,70,1,1,1.0,1000,6,1,false,73
724,2049,6173,999,6173,5988.0,19300,70,1,1,1.0,1000,6,1,false,73
724,2050,6176,999,6176,5988.0,19300,70,1,1,1.0,1000,6,1,false,73
724,2051,6179,999,6179,5988.0,19300,70,1,1,1.0,1000,6,1,false,73
724,2052,6182,999,6182,5988.0,19300,70,1,1,1.0,1000,6,1,false,73
724,2053,6185,999,6185,5988.0,19300,70,1,1,1.0,1000,6,1,false,73
724,2054,6188,999,6188,5988.0,19300,70,1,1,1.0,1000,6,1,false,73
724,2055,6191,999,6191,5988.0,19300,70,1,1,1.0,1000,6,1,false,73
724,2056,6194,999,6194,5988.0,19300,70,1,1,1.0,1000,6,1,false,73
724,2057,6197,999,6197,5988.0,19300,70,1,1,1.0,1000,6,1,false,73
724,2058,6200,999,6200,5988.0,19300,70,1,1,1.0,1000,6,1,false,73
724,2059,6203,999,6203,5988.0,19300,70,1,1,1.0,1000,6,1,false,73
724,2060,6206,999,6206,5988.0,19300,70,1,1,1.0,1000,6,1,false,73
724,2061,6209,999,6209,5988.0,19300,70,1,1,1.0,1000,6,1,false,73
724,2062,6212,999,6212,5988.0,19300,70,1,1,1.0,1000,6,1,false,73
724,2063,6215,999,6215,5988.0,19300,70,1,1,1.0,1000,6,1,false,73
724,2064,6218,999,6218,5988.0,19300,70,1,1,1.0,1000,6,1,false,73
724,2065,6221,999,6221,5988.0,19300,70,1,1,1.0,1000,6,1,false,73
724,2066,6224,999,6224,5988.0,19300,70,1,1,1.0,1000,6,1,false,73
724,2067,6227,999,6227,5988.0,19300,70,1,1,1.0,1000,6,1,false,73
724,2068,6230,999,6230,5988.0,19300,70,1,1,1.0,1000,6,1,false,73
724,2069,6233,999,6233,5988.0,19300,70,1,1,1.0,1000,6,1,false,73
724,2070,6236,999,6236,5988.0,19300,70,1,1,1.0,1000,7,1,false,73
724,2071,6239,999,6239,5988.0,19300,70,1,1,1.0,1000,6,1,false,73
724,2072,6242,999,6242,5988.0,19300,70,1,1,1.0,1000,6,1,false,73
724,2073,6245,999,6245,5988.0,19300,70,1,1,1.0,1000,6,1,false,73
724,2074,6248,999,6248,5988.0,19300,70,1,1,1.0,1000,6,1,false,73
724,2075,6251,999,6251,5988.0,19300,70,1,1,1.0,1000,6,1,false,73
724,2076,6254,999,6254,5988.0,19300,70,1,1,1.0,1000,6,1,false,73
724,2077,6258,999,6258,5988.0,19300,70,1,1,1.0,1000,6,1,false,73
724,2078,6261,999,6261,5988.0,19300,70,1,1,1.0,1000,6,1,false,73
724,2079,6264,999,6264,5988.0,19300,70,1,1,1.0,1000,6,1,false,73
724,2080,6267,999,6267,5988.0,19300,70,1,1,1.0,1000,6,1,false,73
724,2081,6270,999,6270,5988.0,19300,70,1,1,1.0,1000,6,1,false,73
724,2082,6273,999,6273,5988.0,19300,70,1,1,1.0,1000,6,1,false,73
724,2083,6276,999,6276,5988.0,19300,70,1,1,1.0,1000,6,1,false,73
724,2084,6279,999,6279,5988.0,19300,70,1,1,1.0,1000,6,1,false,73
724,2085,6282,999,6282,5988.0,19300,70,1,1,1.0,1000,6,1,false,73
724,2086,6285,999,6285,5988.0,19300,70,1,1,1.0,1000,6,1,false,73
724,2087,6288,999,6288,5988.0,19300,70,1,1,1.0,1000,6,1,false,73
724,2088,6291,999,6291,5988.0,19300,70,1,1,1.0,1000,6,1,false,73
724,2089,6294,999,6294,5988.0,19300,70,1,1,1.0,1000,6,1,false,73
724,2090,6297,999,6297,5988.0,19300,70,1,1,1.0,1000,6,1,false,73
724,2091,6300,999,6300,5988.0,19300,70,1,1,1.0,1000,6,1,false,73
724,2092,6303,999,6303,5988.0,19300,70,1,1,1.0,1000,6,1,false,73
724,2093,6306,999,6306,5988.0,19300,70,1,1,1.0,1000,6,1,false,73
724,2094,6309,999,6309,5988.0,19300,70,1,1,1.0,1000,6,1,false,73
724,2095,6312,999,6312,5988.0,19300,70,1,1,1.0,1000,7,1,false,73
724,2096,6315,999,6315,5988.0,19300,70,1,1,1.0,1000,6,1,false,73
724,2097,6319,999,6319,5988.0,19300,70,1,1,1.0,1000,6,1,false,73
724,2098,6322,999,6322,5988.0,19300,70,1,1,1.0,1000,6,1,false,73
724,2099,6325,999,6325,5988.0,19300,70,1,1,1.0,1000,6,1,false,73
724,2100,6328,999,6328,5988.0,19300,70,1,1,1.0,1000,6,1,false,73
724,2101,6331,999,6331,5988.0,19300,70,1,1,1.0,1000,6,1,false,73
724,2102,6334,999,6334,5988.0,19300,70,1,1,1.0,1000,6,1,false,73
724,2103,6337,999,6337,5988.0,19300,70,1,1,1.0,1000,6,1,false,73
724,2104,6340,999,6340,5988.0,19300,70,1,1,1.0,1000,6,1,false,73
724,2105,6343,999,6343,5988.0,19300,70,1,1,1.0,1000,6,1,false,73
724,2106,6346,999,6346,5988.0,19300,70,1,1,1.0,1000,6,1,false,73
724,2107,6349,999,6349,5988.0,19300,70,1,1,1.0,1000,6,1,false,73
724,2108,6352,999,6352,5988.0,19300,70,1,1,1.0,1000,6,1,false,73
724,2109,6355,999,6355,5988.0,19300,70,1,1,1.0,1000,6,1,false,73
724,2110,6358,999,6358,5988.0,19300,70,1,1,1.0,1000,6,1,false,73
724,2111,6361,999,6361,5988.0,19300,70,1,1,1.0,1000,6,1,false,73
724,2112,6364,999,6364,5988.0,19300,70,1,1,1.0,1000,6,1,false,73
724,2113,6367,999,6367,5988.0,19300,70,1,1,1.0,1000,6,1,false,73
724,2114,6370,999,6370,5988.0,19300,70,1,1,1.0,1000,6,1,false,73
724,2115,6373,999,6373,5988.0,19300,70,1,1,1.0,1000,6,1,false,73
724,2116,6376,999,6376,5988.0,19300,70,1,1,1.0,1000,6,1,false,73
724,2117,6379,999,6379,5988.0,19300,70,1,1,1.0,1000,6,1,false,73
724,2118,6382,999,6382,5988.0,19300,70,1,1,1.0,1000,6,1,false,73
724,2119,6385,999,6385,5988.0,19300,70,1,1,1.0,1000,7,1,false,73
724,2120,6388,999,6388,5988.0,19300,70,1,1,1.0,1000,6,1,false,73
724,2121,6391,999,6391,5988.0,19300,70,1,1,1.0,1000,6,1,false,73
724,2122,6394,999,6394,5988.0,19300,70,1,1,1.0,1000,6,1,false,73
724,2123,6397,999,6397,5988.0,19300,70,1,1,1.0,1000,6,1,false,73
724,2124,6400,999,6400,5988.0,19300,70,1,1,1.0,1000,6,1,false,73
724,2125,6403,999,6403,5988.0,19300,70,1,1,1.0,1000,7,1,false,73
724,2126,6406,999,6406,5988.0,19300,70,1,1,1.0,1000,6,1,false,73
724,2127,6409,999,6409,5988.0,19300,70,1,1,1.0,1000,6,1,false,73
724,2128,6412,999,6412,5988.0,19300,70,1,1,1.0,1000,6,1,false,73
724,2129,6415,999,6415,5988.0,19300,70,1,1,1.0,1000,6,1,false,73
724,2130,6418,999,6418,5988.0,19300,70,1,1,1.0,1000,6,1,false,73
724,2131,6421,999,6421,5988.0,19300,70,1,1,1.0,1000,6,1,false,73
724,2132,6424,999,6424,5988.0,19300,70,1,1,1.0,1000,6,1,false,73
724,2133,6427,999,6427,5988.0,19300,70,1,1,1.0,1000,6,1,false,73
724,2134,6430,999,6430,5988.0,19300,70,1,1,1.0,1000,6,1,false,73
724,2135,6433,999,6433,5988.0,19300,70,1,1,1.0,1000,6,1,false,73
724,2136,6436,999,6436,5988.0,19300,70,1,1,1.0,1000,6,1,false,73
724,2137,6439,999,6439,5988.0,19300,70,1,1,1.0,1000,6,1,false,73
724,2138,6442,999,6442,5988.0,19300,70,1,1,1.0,1000,6,1,false,73
724,2139,6445,999,6445,5988.0,19300,70,1,1,1.0,1000,6,1,false,73
724,2140,6448,999,6448,5988.0,19300,70,1,1,1.0,1000,6,1,false,73
724,2141,6451,999,6451,5988.0,19300,70,1,1,1.0,1000,6,1,false,73
724,2142,6454,999,6454,5988.0,19300,70,1,1,1.0,1000,6,1,false,73
724,2143,6457,999,6457,5988.0,19300,70,1,1,1.0,1000,6,1,false,73
724,2144,6460,999,6460,5988.0,19300,70,1,1,1.0,1000,6,1,false,73
724,2145,6463,999,6463,5988.0,19300,70,1,1,1.0,1000,6,1,false,73
724,2146,6466,999,6466,5988.0,19300,70,1,1,1.0,1000,6,1,false,73
724,2147,6469,999,6469,5988.0,19300,70,1,1,1.0,1000,6,1,false,73
724,2148,6472,999,6472,5988.0,19300,70,1,1,1.0,1000,6,1,false,73
724,2149,6475,999,6475,5988.0,19300,70,1,1,1.0,1000,6,1,false,73
724,2150,6478,999,6478,5988.0,19300,70,1,1,1.0,1000,6,1,false,73
724,2151,6481,999,6481,5988.0,19300,70,1,1,1.0,1000,6,1,false,73
724,2152,6484,999,6484,5988.0,19300,70,1,1,1.0,1000,6,1,false,73
724,2153,6488,999,6488,5988.0,19300,70,1,1,1.0,1000,7,1,false,73
724,2154,6491,999,6491,5988.0,19300,70,1,1,1.0,1000,6,1,false,73
724,2155,6493,999,6493,5988.0,19300,70,1,1,1.0,1000,6,1,false,73
724,2156,6496,999,6496,5988.0,19300,70,1,1,1.0,1000,6,1,false,73
724,2157,6499,999,6499,5988.0,19300,70,1,1,1.0,1000,6,1,false,73
724,2158,6502,999,6502,5988.0,19300,70,1,1,1.0,1000,6,1,false,73
724,2159,6505,999,6505,5988.0,19300,70,1,1,1.0,1000,6,1,false,73
724,2160,6508,999,6508,5988.0,19300,70,1,1,1.0,1000,6,1,false,73
724,2161,6511,999,6511,5988.0,19300,70,1,1,1.0,1000,6,1,false,73
724,2162,6514,999,6514,5988.0,19300,70,1,1,1.0,1000,6,1,false,73
724,2163,6517,999,6517,5988.0,19300,70,1,1,1.0,1000,6,1,false,73
724,2164,6520,999,6520,5988.0,19300,70,1,1,1.0,1000,6,1,false,73
724,2165,6523,999,6523,5988.0,19300,70,1,1,1.0,1000,6,1,false,73
724,2166,6526,999,6526,5988.0,19300,70,1,1,1.0,1000,6,1,false,73
724,2167,6529,999,6529,5988.0,19300,70,1,1,1.0,1000,6,1,false,73
724,2168,6532,999,6532,5988.0,19300,70,1,1,1.0,1000,6,1,false,73
724,2169,6535,999,6535,5988.0,19300,70,1,1,1.0,1000,6,1,false,73
724,2170,6538,999,6538,5988.0,19300,70,1,1,1.0,1000,6,1,false,73
724,2171,6541,999,6541,5988.0,19300,70,1,1,1.0,1000,6,1,false,73
724,2172,6544,999,6544,5988.0,19300,70,1,1,1.0,1000,6,1,false,73
724,2173,6547,999,6547,5988.0,19300,70,1,1,1.0,1000,6,1,false,73
724,2174,6550,999,6550,5988.0,19300,70,1,1,1.0,1000,6,1,false,73
724,2175,6553,999,6553,5988.0,19300,70,1,1,1.0,1000,6,1,false,73
724,2176,6556,999,6556,5988.0,19300,70,1,1,1.0,1000,6,1,false,73
724,2177,6559,999,6559,5988.0,19300,70,1,1,1.0,1000,6,1,false,73
724,2178,6562,999,6562,5988.0,19300,70,1,1,1.0,1000,6,1,false,73
724,2179,6565,999,6565,5988.0,19300,70,1,1,1.0,1000,6,1,false,73
724,2180,6568,999,6568,5988.0,19300,70,1,1,1.0,1000,6,1,false,73
724,2181,6571,999,6571,5988.0,19300,70,1,1,1.0,1000,6,1,false,73
724,2182,6574,999,6574,5988.0,19300,70,1,1,1.0,1000,6,1,false,73
724,2183,6577,999,6577,5988.0,19300,70,1,1,1.0,1000,6,1,false,73
724,2184,6580,999,6580,5988.0,19300,70,1,1,1.0,1000,6,1,false,73
724,2185,6583,999,6583,5988.0,19300,70,1,1,1.0,1000,6,1,false,73
724,2186,6586,999,6586,5988.0,19300,70,1,1,1.0,1000,6,1,false,73
724,2187,6589,999,6589,5988.0,19300,70,1,1,1.0,1000,6,1,false,73
724,2188,6592,999,6592,5988.0,19300,70,1,1,1.0,1000,6,1,false,73
724,2189,6595,999,6595,5988.0,19300,70,1,1,1.0,1000,6,1,false,73
724,2190,6598,999,6598,5988.0,19300,70,1,1,1.0,1000,6,1,false,73
724,2191,6601,999,6601,5988.0,19300,70,1,1,1.0,1000,6,1,false,73
724,2192,6604,999,6604,5988.0,19300,70,1,1,1.0,1000,6,1,false,73
724,2193,6607,999,6607,5988.0,19300,70,1,1,1.0,1000,6,1,false,73
724,2194,6610,999,6610,5988.0,19300,70,1,1,1.0,1000,6,1,false,73
724,2195,6613,999,6613,5988.0,19300,70,1,1,1.0,1000,6,1,false,73
724,2196,6616,999,6616,5988.0,19300,70,1,1,1.0,1000,6,1,false,73
724,2197,6619,999,6619,5988.0,19300,70,1,1,1.0,1000,6,1,false,73
724,2198,6622,999,6622,5988.0,19300,70,1,1,1.0,1000,6,1,false,73
724,2199,6625,999,6625,5988.0,19300,70,1,1,1.0,1000,6,1,false,73
724,2200,6628,999,6628,5988.0,19300,70,1,1,1.0,1000,6,1,false,73
724,2201,6631,999,6631,5988.0,19300,70,1,1,1.0,1000,6,1,false,73
724,2202,6634,999,6634,5988.0,19300,70,1,1,1.0,1000,6,1,false,73
724,2203,6637,999,6637,5988.0,19300,70,1,1,1.0,1000,6,1,false,73
724,2204,6640,999,6640,5988.0,19300,70,1,1,1.0,1000,6,1,false,73
724,2206,6646,999,6646,5988.0,19300,70,1,1,1.0,1000,6,1,false,73
724,2206,6646,999,6646,5988.0,19300,70,1,1,1.0,1000,6,1,false,73
724,2207,6649,999,6649,5988.0,19300,70,1,1,1.0,1000,6,1,false,73
724,2208,6652,999,6652,5988.0,19300,70,1,1,1.0,1000,6,1,false,73
724,2209,6655,999,6655,5988.0,19300,70,1,1,1.0,1000,6,1,false,73
724,2210,6658,999,6658,5988.0,19300,70,1,1,1.0,1000,6,1,false,73
724,2211,6661,999,6661,5988.0,19300,70,1,1,1.0,1000,6,1,false,73
724,2212,6664,999,6664,5988.0,19300,70,1,1,1.0,1000,6,1,false,73
724,2213,6667,999,6667,5988.0,19300,70,1,1,1.0,1000,6,1,false,73
724,2214,6670,999,6670,5988.0,19300,70,1,1,1.0,1000,6,1,false,73
724,2215,6673,999,6673,5988.0,19300,70,1,1,1.0,1000,6,1,false,73
724,2216,6676,999,6676,5988.0,19300,70,1,1,1.0,1000,6,1,false,73
724,2217,6679,999,6679,5988.0,19300,70,1,1,1.0,1000,6,1,false,73
724,2218,6682,999,6682,5988.0,19300,70,1,1,1.0,1000,6,1,false,73
724,2219,6685,999,6685,5988.0,19300,70,1,1,1.0,1000,6,1,false,73
724,2220,6688,999,6688,5988.0,19300,70,1,1,1.0,1000,6,1,false,73
724,2221,6691,999,6691,5988.0,19300,70,1,1,1.0,1000,6,1,false,73
724,2222,6694,999,6694,5988.0,19300,70,1,1,1.0,1000,6,1,false,73
724,2223,6697,999,6697,5988.0,19300,70,1,1,1.0,1000,6,1,false,73
724,2224,6700,999,6700,5988.0,19300,70,1,1,1.0,1000,6,1,false,73
724,2225,6703,999,6703,5988.0,19300,70,1,1,1.0,1000,6,1,false,73
724,2226,6706,999,6706,5988.0,19300,70,1,1,1.0,1000,6,1,false,73
724,2227,6709,999,6709,5988.0,19300,70,1,1,1.0,1000,6,1,false,73
724,2228,6712,999,6712,5988.0,19300,70,1,1,1.0,1000,6,1,false,73
724,2229,6715,999,6715,5988.0,19300,70,1,1,1.0,1000,6,1,false,73
724,2230,6718,999,6718,5988.0,19300,70,1,1,1.0,1000,6,1,false,73
724,2231,6721,999,6721,5988.0,19300,70,1,1,1.0,1000,6,1,false,73
724,2232,6724,999,6724,5988.0,19300,70,1,1,1.0,1000,6,1,false,73
724,2233,6727,999,6727,5988.0,19300,70,1,1,1.0,1000,6,1,false,73
724,2234,6730,999,6730,5988.0,19300,70,1,1,1.0,1000,6,1,false,73
724,2235,6733,999,6733,5988.0,19300,70,1,1,1.0,1000,6,1,false,73
724,2236,6736,999,6736,5988.0,19300,70,1,1,1.0,1000,6,1,false,73
724,2237,6739,999,6739,5988.0,19300,70,1,1,1.0,1000,6,1,false,73
724,2238,6742,999,6742,5988.0,19300,70,1,1,1.0,1000,6,1,false,73
724,2239,6745,999,6745,5988.0,19300,70,1,1,1.0,1000,6,1,false,73
724,2240,6748,999,6748,5988.0,19300,70,1,1,1.0,1000,6,1,false,73
724,2241,6751,999,6751,5988.0,19300,70,1,1,1.0,1000,6,1,false,73
724,2242,6754,999,6754,5988.0,19300,70,1,1,1.0,1000,6,1,false,73
724,2243,6757,999,6757,5988.0,19300,70,1,1,1.0,1000,6,1,false,73
724,2244,6760,999,6760,5988.0,19300,70,1,1,1.0,1000,6,1,false,73
724,2245,6763,999,6763,5988.0,19300,70,1,1,1.0,1000,6,1,false,73
724,2246,6766,999,6766,5988.0,19300,70,1,1,1.0,1000,6,1,false,73
724,2247,6769,999,6769,5988.0,19300,70,1,1,1.0,1000,6,1,false,73
724,2248,6772,999,6772,5988.0,19300,70,1,1,1.0,1000,6,1,false,73
724,2249,6775,999,6775,5988.0,19300,70,1,1,1.0,1000,6,1,false,73
724,2250,6778,999,6778,5988.0,19300,70,1,1,1.0,1000,6,1,false,73
724,2251,6781,999,6781,5988.0,19300,70,1,1,1.0,1000,6,1,false,73
724,2252,6784,999,6784,5988.0,19300,70,1,1,1.0,1000,6,1,false,73
724,2253,6787,999,6787,5988.0,19300,70,1,1,1.0,1000,6,1,false,73
724,2254,6790,999,6790,5988.0,19300,70,1,1,1.0,1000,6,1,false,73
724,2255,6793,999,6793,5988.0,19300,70,1,1,1.0,1000,6,1,false,73
724,2256,6796,999,6796,5988.0,19300,70,1,1,1.0,1000,6,1,false,73
724,2257,6799,999,6799,5988.0,19300,70,1,1,1.0,1000,6,1,false,73
724,2258,6802,999,6802,5988.0,19300,70,1,1,1.0,1000,6,1,false,73
724,2259,6805,999,6805,5988.0,19300,70,1,1,1.0,1000,6,1,false,73
724,2260,6808,999,6808,5988.0,19300,70,1,1,1.0,1000,6,1,false,73
724,2261,6811,999,6811,5988.0,19300,70,1,1,1.0,1000,6,1,false,73
724,2262,6814,999,6814,5988.0,19300,70,1,1,1.0,1000,6,1,false,73
724,2263,6817,999,6817,5988.0,19300,70,1,1,1.0,1000,6,1,false,73
724,2264,6820,999,6820,5988.0,19300,70,1,1,1.0,1000,6,1,false,73
724,2265,6823,999,6823,5988.0,19300,70,1,1,1.0,1000,6,1,false,73
724,2266,6826,999,6826,5988.0,19300,70,1,1,1.0,1000,6,1,false,73
724,2267,6829,999,6829,5988.0,19300,70,1,1,1.0,1000,6,1,false,73
724,2268,6832,999,6832,5988.0,19300,70,1,1,1.0,1000,6,1,false,73
724,2269,6835,999,6835,5988.0,19300,70,1,1,1.0,1000,6,1,false,73
724,2270,6838,999,6838,5988.0,19300,70,1,1,1.0,1000,6,1,false,73
724,2271,6841,999,6841,5988.0,19300,70,1,1,1.0,1000,6,1,false,73
724,2272,6844,999,6844,5988.0,19300,70,1,1,1.0,1000,6,1,false,73
724,2273,6847,999,6847,5988.0,19300,70,1,1,1.0,1000,6,1,false,73
724,2274,6850,999,6850,5988.0,19300,70,1,1,1.0,1000,6,1,false,73
724,2275,6853,999,6853,5988.0,19300,70,1,1,1.0,1000,6,1,false,73
724,2276,6856,999,6856,5988.0,19300,70,1,1,1.0,1000,6,1,false,73
724,2277,6859,999,6859,5988.0,19300,70,1,1,1.0,1000,6,1,false,73
724,2278,6862,999,6862,5988.0,19300,70,1,1,1.0,1000,6,1,false,73
724,2279,6865,999,6865,5988.0,19300,70,1,1,1.0,1000,6,1,false,73
724,2280,6868,999,6868,5988.0,19300,70,1,1,1.0,1000,7,1,false,73
724,2281,6871,999,6871,5988.0,19300,70,1,1,1.0,1000,6,1,false,73
724,2282,6874,1000,6874,5994.0,19321,70,1,1,1.0,1000,6,1,false,73
724,2283,6877,1000,6877,5994.0,19321,70,1,1,1.0,1000,6,1,false,73
724,2284,6880,1000,6880,5994.0,19321,70,1,1,1.0,1000,6,1,false,73
724,2285,6883,1000,6883,5994.0,19321,70,1,1,1.0,1000,6,1,false,73
724,2286,6886,1000,6886,5994.0,19321,70,1,1,1.0,1000,6,1,false,73
724,2287,6889,1000,6889,5994.0,19321,70,1,1,1.0,1000,6,1,false,73
724,2288,6892,1000,6892,5994.0,19321,70,1,1,1.0,1000,6,1,false,73
724,2289,6895,1000,6895,5994.0,19321,70,1,1,1.0,1000,6,1,false,73
724,2290,6898,1000,6898,5994.0,19321,70,1,1,1.0,1000,6,1,false,73
724,2291,6901,1000,6901,5994.0,19321,70,1,1,1.0,1000,6,1,false,73
724,2292,6904,1000,6904,5994.0,19321,70,1,1,1.0,1000,6,1,false,73
724,2293,6907,1000,6907,5994.0,19321,70,1,1,1.0,1000,6,1,false,73
724,2294,6910,1000,6910,5994.0,19321,70,1,1,1.0,1000,6,1,false,73
724,2295,6913,1000,6913,5994.0,19321,70,1,1,1.0,1000,6,1,false,73
724,2296,6916,1000,6916,5994.0,19321,70,1,1,1.0,1000,6,1,false,73
724,2297,6919,1000,6919,5994.0,19321,70,1,1,1.0,1000,6,1,false,73
724,2298,6922,1000,6922,5994.0,19321,70,1,1,1.0,1000,6,1,false,73
724,2299,6925,1000,6925,5994.0,19321,70,1,1,1.0,1000,6,1,false,73
724,2300,6928,1000,6928,5994.0,19321,70,1,1,1.0,1000,6,1,false,73
724,2301,6931,1000,6931,5994.0,19321,70,1,1,1.0,1000,6,1,false,73
724,2302,6934,1000,6934,5994.0,19321,70,1,1,1.0,1000,6,1,false,73
724,2303,6937,1000,6937,5994.0,19321,70,1,1,1.0,1000,6,1,false,73
724,2304,6940,1000,6940,5994.0,19321,70,1,1,1.0,1000,6,1,false,73
724,2305,6943,1000,6943,5994.0,19321,70,1,1,1.0,1000,6,1,false,73
724,2306,6946,1000,6946,5994.0,19321,70,1,1,1.0,1000,6,1,false,73
724,2307,6949,1000,6949,5994.0,19321,70,1,1,1.0,1000,6,1,false,73
724,2308,6952,1000,6952,5994.0,19321,70,1,1,1.0,1000,6,1,false,73
724,2309,6955,1000,6955,5994.0,19321,70,1,1,1.0,1000,6,1,false,73
724,2310,6959,1000,6959,5994.0,19321,70,1,1,1.0,1000,7,1,false,73
724,2311,6962,1000,6962,5994.0,19321,70,1,1,1.0,1000,6,1,false,73
724,2312,6965,1000,6965,5994.0,19321,70,1,1,1.0,1000,6,1,false,73
724,2313,6968,1000,6968,5994.0,19321,70,1,1,1.0,1000,6,1,false,73
724,2314,6971,1000,6971,5994.0,19321,70,1,1,1.0,1000,6,1,false,73
724,2315,6974,1000,6974,5994.0,19321,70,1,1,1.0,1000,6,1,false,73
724,2316,6977,1000,6977,5994.0,19321,70,1,1,1.0,1000,6,1,false,73
724,2317,6980,1000,6980,5994.0,19321,70,1,1,1.0,1000,6,1,false,73
724,2318,6983,1000,6983,5994.0,19321,70,1,1,1.0,1000,6,1,false,73
724,2319,6986,1000,6986,5994.0,19321,70,1,1,1.0,1000,6,1,false,73
724,2320,6989,1000,6989,5994.0,19321,70,1,1,1.0,1000,6,1,false,73
724,2321,6992,1000,6992,5994.0,19321,70,1,1,1.0,1000,6,1,false,73
724,2322,6995,1000,6995,5994.0,19321,70,1,1,1.0,1000,6,1,false,73
724,2323,6998,1000,6998,5994.0,19321,70,1,1,1.0,1000,6,1,false,73
724,2324,7001,1000,7001,5994.0,19321,70,1,1,1.0,1000,6,1,false,73
724,2325,7004,1000,7004,5994.0,19321,70,1,1,1.0,1000,6,1,false,73
724,2326,7007,1000,7007,5994.0,19321,70,1,1,1.0,1000,6,1,false,73
724,2327,7010,1000,7010,5994.0,19321,70,1,1,1.0,1000,6,1,false,73
724,2328,7013,1000,7013,5994.0,19321,70,1,1,1.0,1000,6,1,false,73
724,2329,7016,1000,7016,5994.0,19321,70,1,1,1.0,1000,6,1,false,73
724,2330,7019,1000,7019,5994.0,19321,70,1,1,1.0,1000,6,1,false,73
724,2331,7022,1000,7022,5994.0,19321,70,1,1,1.0,1000,6,1,false,73
724,2332,7025,1000,7025,5994.0,19321,70,1,1,1.0,1000,6,1,false,73
724,2333,7028,1000,7028,5994.0,19321,70,1,1,1.0,1000,6,1,false,73
724,2334,7031,1000,7031,5994.0,19321,70,1,1,1.0,1000,6,1,false,73
724,2335,7034,1000,7034,5994.0,19321,70,1,1,1.0,1000,7,1,false,73
724,2336,7037,1000,7037,5994.0,19321,70,1,1,1.0,1000,6,1,false,73
724,2337,7040,1000,7040,5994.0,19321,70,1,1,1.0,1000,6,1,false,73
724,2338,7043,1000,7043,5994.0,19321,70,1,1,1.0,1000,6,1,false,73
724,2339,7046,1000,7046,5994.0,19321,70,1,1,1.0,1000,6,1,false,73
724,2340,7049,1000,7049,5994.0,19321,70,1,1,1.0,1000,6,1,false,73
724,2341,7052,1000,7052,5994.0,19321,70,1,1,1.0,1000,6,1,false,73
724,2342,7055,1000,7055,5994.0,19321,70,1,1,1.0,1000,6,1,false,73
724,2343,7058,1000,7058,5994.0,19321,70,1,1,1.0,1000,6,1,false,73
724,2344,7061,1000,7061,5994.0,19321,70,1,1,1.0,1000,6,1,false,73
724,2345,7064,1000,7064,5994.0,19321,70,1,1,1.0,1000,6,1,false,73
724,2346,7067,1000,7067,5994.0,19321,70,1,1,1.0,1000,6,1,false,73
724,2347,7070,1000,7070,5994.0,19321,70,1,1,1.0,1000,6,1,false,73
724,2348,7073,1000,7073,5994.0,19321,70,1,1,1.0,1000,6,1,false,73
724,2349,7076,1000,7076,5994.0,19321,70,1,1,1.0,1000,6,1,false,73
724,2350,7079,1000,7079,5994.0,19321,70,1,1,1.0,1000,6,1,false,73
724,2351,7082,1000,7082,5994.0,19321,70,1,1,1.0,1000,6,1,false,73
724,2352,7085,1000,7085,5994.0,19321,70,1,1,1.0,1000,6,1,false,73
724,2353,7088,1000,7088,5994.0,19321,70,1,1,1.0,1000,6,1,false,73
724,2354,7091,1000,7091,5994.0,19321,70,1,1,1.0,1000,6,1,false,73
724,2355,7094,1000,7094,5994.0,19321,70,1,1,1.0,1000,6,1,false,73
724,2356,7097,1000,7097,5994.0,19321,70,1,1,1.0,1000,6,1,false,73
724,2357,7100,1000,7100,5994.0,19321,70,1,1,1.0,1000,6,1,false,73
724,2358,7103,1000,7103,5994.0,19321,70,1,1,1.0,1000,6,1,false,73
724,2359,7106,1000,7106,5994.0,19321,70,1,1,1.0,1000,6,1,false,73
724,2360,7109,1000,7109,5994.0,19321,70,1,1,1.0,1000,6,1,false,73
724,2361,7112,1000,7112,5994.0,19321,70,1,1,1.0,1000,6,1,false,73
724,2362,7115,1000,7115,5994.0,19321,70,1,1,1.0,1000,6,1,false,73
724,2363,7118,1000,7118,5994.0,19321,70,1,1,1.0,1000,6,1,false,73
724,2364,7121,1000,7121,5994.0,19321,70,1,1,1.0,1000,6,1,false,73
724,2365,7124,1000,7124,5994.0,19321,70,1,1,1.0,1000,7,1,false,73
724,2366,7127,1000,7127,5994.0,19321,70,1,1,1.0,1000,6,1,false,73
724,2367,7130,1000,7130,5994.0,19321,70,1,1,1.0,1000,6,1,false,73
724,2368,7133,1000,7133,5994.0,19321,70,1,1,1.0,1000,6,1,false,73
724,2369,7136,1000,7136,5994.0,19321,70,1,1,1.0,1000,6,1,false,73
724,2370,7139,1000,7139,5994.0,19321,70,1,1,1.0,1000,6,1,false,73
724,2371,7142,1000,7142,5994.0,19321,70,1,1,1.0,1000,6,1,false,73
724,2372,7145,1000,7145,5994.0,19321,70,1,1,1.0,1000,6,1,false,73
724,2373,7148,1000,7148,5994.0,19321,70,1,1,1.0,1000,6,1,false,73
724,2374,7151,1000,7151,5994.0,19321,70,1,1,1.0,1000,6,1,false,73
724,2375,7154,1000,7154,5994.0,19321,70,1,1,1.0,1000,6,1,false,73
724,2376,7158,1000,7158,5994.0,19321,70,1,1,1.0,1000,6,1,false,73
724,2378,7164,1000,7164,5994.0,19321,70,1,1,1.0,1000,6,1,false,73
724,2378,7164,1000,7164,5994.0,19321,70,1,1,1.0,1000,6,1,false,73
724,2379,7167,1000,7167,5994.0,19321,70,1,1,1.0,1000,6,1,false,73
724,2380,7170,1000,7170,5994.0,19321,70,1,1,1.0,1000,6,1,false,73
724,2381,7173,1000,7173,5994.0,19321,70,1,1,1.0,1000,6,1,false,73
724,2382,7176,1000,7176,5994.0,19321,70,1,1,1.0,1000,6,1,false,73
724,2383,7179,1000,7179,5994.0,19321,70,1,1,1.0,1000,6,1,false,73
724,2384,7183,1000,7183,5994.0,19321,70,1,1,1.0,1000,7,1,false,73
724,2385,7186,1000,7186,5994.0,19321,70,1,1,1.0,1000,6,1,false,73
724,2386,7189,1000,7189,5994.0,19321,70,1,1,1.0,1000,6,1,false,73
724,2387,7192,1000,7192,5994.0,19321,70,1,1,1.0,1000,6,1,false,73
724,2388,7195,1000,7195,5994.0,19321,70,1,1,1.0,1000,6,1,false,73
724,2389,7198,1000,7198,5994.0,19321,70,1,1,1.0,1000,6,1,false,73
724,2390,7201,1000,7201,5994.0,19321,70,1,1,1.0,1000,6,1,false,73
724,2391,7204,1000,7204,5994.0,19321,70,1,1,1.0,1000,6,1,false,73
724,2392,7207,1000,7207,5994.0,19321,70,1,1,1.0,1000,7,1,false,73
724,2393,7210,1000,7210,5994.0,19321,70,1,1,1.0,1000,6,1,false,73
724,2394,7213,1000,7213,5994.0,19321,70,1,1,1.0,1000,6,1,false,73
724,2395,7216,1000,7216,5994.0,19321,70,1,1,1.0,1000,6,1,false,73
724,2396,7219,1000,7219,5994.0,19321,70,1,1,1.0,1000,6,1,false,73
724,2397,7222,1000,7222,5994.0,19321,70,1,1,1.0,1000,6,1,false,73
724,2398,7225,1000,7225,5994.0,19321,70,1,1,1.0,1000,6,1,false,73
724,2399,7228,1000,7228,5994.0,19321,70,1,1,1.0,1000,6,1,false,73
724,2400,7231,1000,7231,5994.0,19321,70,1,1,1.0,1000,6,1,false,73
724,2401,7234,1000,7234,5994.0,19321,70,1,1,1.0,1000,6,1,false,73
724,2402,7237,1000,7237,5994.0,19321,70,1,1,1.0,1000,6,1,false,73
724,2403,7240,1000,7240,5994.0,19321,70,1,1,1.0,1000,6,1,false,73
724,2404,7243,1000,7243,5994.0,19321,70,1,1,1.0,1000,6,1,false,73
724,2405,7246,1000,7246,5994.0,19321,70,1,1,1.0,1000,6,1,false,73
724,2406,7249,1000,7249,5994.0,19321,70,1,1,1.0,1000,6,1,false,73
724,2407,7252,1000,7252,5994.0,19321,70,1,1,1.0,1000,6,1,false,73
724,2408,7255,1000,7255,5994.0,19321,70,1,1,1.0,1000,6,1,false,73
724,2409,7258,1000,7258,5994.0,19321,70,1,1,1.0,1000,6,1,false,73
724,2410,7261,1000,7261,5994.0,19321,70,1,1,1.0,1000,6,1,false,73
724,2411,7264,1000,7264,5994.0,19321,70,1,1,1.0,1000,6,1,false,73
724,2412,7267,1000,7267,5994.0,19321,70,1,1,1.0,1000,6,1,false,73
724,2413,7270,1000,7270,5994.0,19321,70,1,1,1.0,1000,6,1,false,73
724,2414,7273,1000,7273,5994.0,19321,70,1,1,1.0,1000,6,1,false,73
724,2415,7276,1000,7276,5994.0,19321,70,1,1,1.0,1000,6,1,false,73
724,2416,7279,1000,7279,5994.0,19321,70,1,1,1.0,1000,6,1,false,73
724,2417,7282,1000,7282,5994.0,19321,70,1,1,1.0,1000,6,1,false,73
724,2418,7285,1000,7285,5994.0,19321,70,1,1,1.0,1000,6,1,false,73
724,2419,7288,1000,7288,5994.0,19321,70,1,1,1.0,1000,6,1,false,73
724,2420,7291,1000,7291,5994.0,19321,70,1,1,1.0,1000,6,1,false,73
724,2421,7294,1000,7294,5994.0,19321,70,1,1,1.0,1000,6,1,false,73
724,2422,7297,1000,7297,5994.0,19321,70,1,1,1.0,1000,6,1,false,73
724,2423,7300,1000,7300,5994.0,19321,70,1,1,1.0,1000,6,1,false,73
724,2424,7303,1000,7303,5994.0,19321,70,1,1,1.0,1000,6,1,false,73
724,2425,7306,1000,7306,5994.0,19321,70,1,1,1.0,1000,6,1,false,73
724,2426,7310,1000,7310,5994.0,19321,70,1,1,1.0,1000,6,1,false,73
724,2427,7314,1000,7314,5994.0,19321,70,1,1,1.0,1000,7,1,false,73
724,2428,7317,1000,7317,5994.0,19321,70,1,1,1.0,1000,6,1,false,73
724,2429,7320,1000,7320,5994.0,19321,70,1,1,1.0,1000,6,1,false,73
724,2430,7323,1000,7323,5994.0,19321,70,1,1,1.0,1000,6,1,false,73
724,2431,7326,1000,7326,5994.0,19321,70,1,1,1.0,1000,6,1,false,73
724,2432,7329,1000,7329,5994.0,19321,70,1,1,1.0,1000,6,1,false,73
724,2433,7332,1000,7332,5994.0,19321,70,1,1,1.0,1000,6,1,false,73
724,2434,7335,1000,7335,5994.0,19321,70,1,1,1.0,1000,6,1,false,73
724,2435,7338,1000,7338,5994.0,19321,70,1,1,1.0,1000,6,1,false,73
724,2436,7341,1000,7341,5994.0,19321,70,1,1,1.0,1000,6,1,false,73
724,2437,7344,1000,7344,5994.0,19321,70,1,1,1.0,1000,6,1,false,73
724,2438,7347,1000,7347,5994.0,19321,70,1,1,1.0,1000,6,1,false,73
724,2439,7350,1000,7350,5994.0,19321,70,1,1,1.0,1000,6,1,false,73
724,2440,7353,1000,7353,5994.0,19321,70,1,1,1.0,1000,6,1,false,73
724,2441,7356,1000,7356,5994.0,19321,70,1,1,1.0,1000,6,1,false,73
724,2442,7359,1000,7359,5994.0,19321,70,1,1,1.0,1000,6,1,false,73
724,2443,7362,1000,7362,5994.0,19321,70,1,1,1.0,1000,6,1,false,73
724,2444,7365,1000,7365,5994.0,19321,70,1,1,1.0,1000,6,1,false,73
724,2445,7368,1000,7368,5994.0,19321,70,1,1,1.0,1000,6,1,false,73
724,2446,7371,1000,7371,5994.0,19321,70,1,1,1.0,1000,6,1,false,73
724,2447,7374,1000,7374,5994.0,19321,70,1,1,1.0,1000,6,1,false,73
724,2448,7377,1000,7377,5994.0,19321,70,1,1,1.0,1000,6,1,false,73
724,2449,7380,1000,7380,5994.0,19321,70,1,1,1.0,1000,6,1,false,73
724,2450,7383,1000,7383,5994.0,19321,70,1,1,1.0,1000,6,1,false,73
724,2451,7386,1000,7386,5994.0,19321,70,1,1,1.0,1000,6,1,false,73
724,2452,7389,1000,7389,5994.0,19321,70,1,1,1.0,1000,6,1,false,73
724,2453,7392,1000,7392,5994.0,19321,70,1,1,1.0,1000,6,1,false,73
724,2454,7395,1000,7395,5994.0,19321,70,1,1,1.0,1000,6,1,false,73
724,2455,7398,1000,7398,5994.0,19321,70,1,1,1.0,1000,6,1,false,73
724,2456,7401,1000,7401,5994.0,19321,70,1,1,1.0,1000,6,1,false,73
724,2457,7404,1000,7404,5994.0,19321,70,1,1,1.0,1000,6,1,false,73
724,2458,7407,1000,7407,5994.0,19321,70,1,1,1.0,1000,6,1,false,73
724,2459,7410,1000,7410,5994.0,19321,70,1,1,1.0,1000,6,1,false,73
724,2460,7413,1000,7413,5994.0,19321,70,1,1,1.0,1000,6,1,false,73
724,2461,7416,1000,7416,5994.0,19321,70,1,1,1.0,1000,6,1,false,73
724,2462,7419,1000,7419,5994.0,19321,70,1,1,1.0,1000,6,1,false,73
724,2463,7422,1000,7422,5994.0,19321,70,1,1,1.0,1000,6,1,false,73
724,2464,7425,1000,7425,5994.0,19321,70,1,1,1.0,1000,6,1,false,73
724,2465,7428,1000,7428,5994.0,19321,70,1,1,1.0,1000,6,1,false,73
724,2466,7431,1000,7431,5994.0,19321,70,1,1,1.0,1000,6,1,false,73
724,2467,7434,1000,7434,5994.0,19321,70,1,1,1.0,1000,6,1,false,73
724,2468,7437,1000,7437,5994.0,19321,70,1,1,1.0,1000,6,1,false,73
724,2469,7440,1000,7440,5994.0,19321,70,1,1,1.0,1000,6,1,false,73
724,2470,7443,1000,7443,5994.0,19321,70,1,1,1.0,1000,6,1,false,73
724,2471,7446,1000,7446,5994.0,19321,70,1,1,1.0,1000,6,1,false,73
724,2472,7449,1000,7449,5994.0,19321,70,1,1,1.0,1000,6,1,false,73
724,2473,7452,1000,7452,5994.0,19321,70,1,1,1.0,1000,6,1,false,73
724,2474,7455,1000,7455,5994.0,19321,70,1,1,1.0,1000,6,1,false,73
724,2475,7458,1000,7458,5994.0,19321,70,1,1,1.0,1000,6,1,false,73
724,2476,7461,1000,7461,5994.0,19321,70,1,1,1.0,1000,6,1,false,73
724,2477,7464,1000,7464,5994.0,19321,70,1,1,1.0,1000,6,1,false,73
724,2478,7467,1000,7467,5994.0,19321,70,1,1,1.0,1000,6,1,false,73
724,2479,7470,1000,7470,5994.0,19321,70,1,1,1.0,1000,6,1,false,73
724,2480,7473,1000,7473,5994.0,19321,70,1,1,1.0,1000,6,1,false,73
724,2481,7476,1000,7476,5994.0,19321,70,1,1,1.0,1000,6,1,false,73
724,2482,7479,1000,7479,5994.0,19321,70,1,1,1.0,1000,6,1,false,73
724,2483,7482,1000,7482,5994.0,19321,70,1,1,1.0,1000,6,1,false,73
724,2484,7485,1000,7485,5994.0,19321,70,1,1,1.0,1000,6,1,false,73
724,2485,7488,1000,7488,5994.0,19321,70,1,1,1.0,1000,6,1,false,73
724,2486,7491,1000,7491,5994.0,19321,70,1,1,1.0,1000,6,1,false,73
724,2487,7494,1000,7494,5994.0,19321,70,1,1,1.0,1000,6,1,false,73
724,2488,7497,1000,7497,5994.0,19321,70,1,1,1.0,1000,6,1,false,73
724,2489,7500,1000,7500,5994.0,19321,70,1,1,1.0,1000,6,1,false,73
724,2490,7503,1000,7503,5994.0,19321,70,1,1,1.0,1000,6,1,false,73
724,2491,7506,1000,7506,5994.0,19321,70,1,1,1.0,1000,6,1,false,73
724,2492,7509,1000,7509,5994.0,19321,70,1,1,1.0,1000,6,1,false,73
724,2493,7512,1000,7512,5994.0,19321,70,1,1,1.0,1000,6,1,false,73
724,2494,7515,1000,7515,5994.0,19321,70,1,1,1.0,1000,6,1,false,73
724,2495,7518,1000,7518,5994.0,19321,70,1,1,1.0,1000,6,1,false,73
724,2496,7521,1000,7521,5994.0,19321,70,1,1,1.0,1000,6,1,false,73
724,2497,7523,1000,7523,5994.0,19321,70,1,1,1.0,1000,6,1,false,73
724,2498,7526,1000,7526,5994.0,19321,70,1,1,1.0,1000,6,1,false,73
724,2499,7529,1000,7529,5994.0,19321,70,1,1,1.0,1000,6,1,false,73
724,2500,7532,1000,7532,5994.0,19321,70,1,1,1.0,1000,6,1,false,73
724,2501,7535,1000,7535,5994.0,19321,70,1,1,1.0,1000,6,1,false,73
724,2502,7538,1000,7538,5994.0,19321,70,1,1,1.0,1000,6,1,false,73
724,2503,7541,1000,7541,5994.0,19321,70,1,1,1.0,1000,6,1,false,73
724,2504,7544,1000,7544,5994.0,19321,70,1,1,1.0,1000,6,1,false,73
724,2505,7547,1000,7547,5994.0,19321,70,1,1,1.0,1000,6,1,false,73
724,2506,7550,1000,7550,5994.0,19321,70,1,1,1.0,1000,6,1,false,73
724,2507,7553,1000,7553,5994.0,19321,70,1,1,1.0,1000,6,1,false,73
724,2508,7556,1000,7556,5994.0,19321,70,1,1,1.0,1000,6,1,false,73
724,2509,7558,1000,7558,5994.0,19321,70,1,1,1.0,1000,6,1,false,73
724,2510,7561,1000,7561,5994.0,19321,70,1,1,1.0,1000,6,1,false,73
724,2511,7564,1000,7564,5994.0,19321,70,1,1,1.0,1000,6,1,false,73
724,2512,7567,1000,7567,5994.0,19321,70,1,1,1.0,1000,6,1,false,73
724,2513,7570,1000,7570,5994.0,19321,70,1,1,1.0,1000,6,1,false,73
724,2514,7573,1000,7573,5994.0,19321,70,1,1,1.0,1000,6,1,false,73
724,2515,7576,1000,7576,5994.0,19321,70,1,1,1.0,1000,6,1,false,73
724,2516,7580,1000,7580,5994.0,19321,70,1,1,1.0,1000,6,1,false,73
724,2517,7583,1000,7583,5994.0,19321,70,1,1,1.0,1000,6,1,false,73
724,2518,7586,1000,7586,5994.0,19321,70,1,1,1.0,1000,6,1,false,73
724,2519,7588,1000,7588,5994.0,19321,70,1,1,1.0,1000,6,1,false,73
724,2520,7591,1000,7591,5994.0,19321,70,1,1,1.0,1000,6,1,false,73
724,2521,7593,1000,7593,5994.0,19321,70,1,1,1.0,1000,6,1,false,73
724,2522,7598,1000,7598,5994.0,19321,70,1,1,1.0,1000,7,1,false,73
724,2523,7601,1000,7601,5994.0,19321,70,1,1,1.0,1000,6,1,false,73
724,2524,7604,1000,7604,5994.0,19321,70,1,1,1.0,1000,6,1,false,73
724,2525,7607,1000,7607,5994.0,19321,70,1,1,1.0,1000,6,1,false,73
724,2526,7610,1000,7610,5994.0,19321,70,1,1,1.0,1000,6,1,false,73
724,2527,7613,1000,7613,5994.0,19321,70,1,1,1.0,1000,6,1,false,73
724,2528,7616,1000,7616,5994.0,19321,70,1,1,1.0,1000,6,1,false,73
724,2529,7619,1000,7619,5994.0,19321,70,1,1,1.0,1000,6,1,false,73
724,2530,7622,1000,7622,5994.0,19321,70,1,1,1.0,1000,6,1,false,73
724,2531,7625,1000,7625,5994.0,19321,70,1,1,1.0,1000,6,1,false,73
724,2532,7628,1000,7628,5994.0,19321,70,1,1,1.0,1000,6,1,false,73
724,2533,7631,1000,7631,5994.0,19321,70,1,1,1.0,1000,6,1,false,73
724,2534,7634,1000,7634,5994.0,19321,70,1,1,1.0,1000,6,1,false,73
724,2535,7637,1000,7637,5994.0,19321,70,1,1,1.0,1000,6,1,false,73
724,2536,7640,1000,7640,5994.0,19321,70,1,1,1.0,1000,6,1,false,73
724,2537,7643,1000,7643,5994.0,19321,70,1,1,1.0,1000,6,1,false,73
724,2538,7646,1000,7646,5994.0,19321,70,1,1,1.0,1000,6,1,false,73
724,2539,7649,1000,7649,5994.0,19321,70,1,1,1.0,1000,6,1,false,73
724,2540,7653,1000,7653,5994.0,19321,70,1,1,1.0,1000,7,1,false,73
724,2541,7656,1000,7656,5994.0,19321,70,1,1,1.0,1000,6,1,false,73
724,2542,7659,1000,7659,5994.0,19321,70,1,1,1.0,1000,6,1,false,73
724,2543,7662,1000,7662,5994.0,19321,70,1,1,1.0,1000,6,1,false,73
724,2544,7665,1000,7665,5994.0,19321,70,1,1,1.0,1000,6,1,false,73
724,2545,7668,1000,7668,5994.0,19321,70,1,1,1.0,1000,6,1,false,73
724,2546,7671,1000,7671,5994.0,19321,70,1,1,1.0,1000,6,1,false,73
724,2547,7674,1000,7674,5994.0,19321,70,1,1,1.0,1000,6,1,false,73
724,2548,7677,1000,7677,5994.0,19321,70,1,1,1.0,1000,6,1,false,73
724,2549,7680,1000,7680,5994.0,19321,70,1,1,1.0,1000,6,1,false,73
724,2550,7683,1000,7683,5994.0,19321,70,1,1,1.0,1000,6,1,false,73
724,2551,7686,1000,7686,5994.0,19321,70,1,1,1.0,1000,6,1,false,73
724,2552,7689,1000,7689,5994.0,19321,70,1,1,1.0,1000,6,1,false,73
724,2553,7693,1000,7693,5994.0,19321,70,1,1,1.0,1000,7,1,false,73
724,2554,7696,1000,7696,5994.0,19321,70,1,1,1.0,1000,6,1,false,73
724,2555,7699,1000,7699,5994.0,19321,70,1,1,1.0,1000,6,1,false,73
724,2556,7702,1000,7702,5994.0,19321,70,1,1,1.0,1000,6,1,false,73
724,2557,7705,1000,7705,5994.0,19321,70,1,1,1.0,1000,6,1,false,73
724,2558,7708,1000,7708,5994.0,19321,70,1,1,1.0,1000,6,1,false,73
724,2559,7711,1000,7711,5994.0,19321,70,1,1,1.0,1000,7,1,false,73
724,2560,7714,1000,7714,5994.0,19321,70,1,1,1.0,1000,6,1,false,73
724,2561,7717,1000,7717,5994.0,19321,70,1,1,1.0,1000,6,1,false,73
724,2562,7720,1000,7720,5994.0,19321,70,1,1,1.0,1000,6,1,false,73
724,2563,7723,1000,7723,5994.0,19321,70,1,1,1.0,1000,6,1,false,73
724,2564,7726,1000,7726,5994.0,19321,70,1,1,1.0,1000,6,1,false,73
724,2565,7729,1000,7729,5994.0,19321,70,1,1,1.0,1000,6,1,false,73
724,2566,7732,1000,7732,5994.0,19321,70,1,1,1.0,1000,6,1,false,73
724,2567,7735,1000,7735,5994.0,19321,70,1,1,1.0,1000,6,1,false,73
724,2568,7738,1000,7738,5994.0,19321,70,1,1,1.0,1000,6,1,false,73
724,2569,7741,1000,7741,5994.0,19321,70,1,1,1.0,1000,6,1,false,73
724,2570,7744,1000,7744,5994.0,19321,70,1,1,1.0,1000,6,1,false,73
724,2571,7747,1000,7747,5994.0,19321,70,1,1,1.0,1000,6,1,false,73
724,2572,7750,1000,7750,5994.0,19321,70,1,1,1.0,1000,6,1,false,73
724,2573,7753,1000,7753,5994.0,19321,70,1,1,1.0,1000,6,1,false,73
724,2574,7756,1000,7756,5994.0,19321,70,1,1,1.0,1000,6,1,false,73
724,2575,7759,1000,7759,5994.0,19321,70,1,1,1.0,1000,6,1,false,73
724,2576,7762,1000,7762,5994.0,19321,70,1,1,1.0,1000,6,1,false,73
724,2577,7765,1000,7765,5994.0,19321,70,1,1,1.0,1000,6,1,false,73
724,2578,7768,1000,7768,5994.0,19321,70,1,1,1.0,1000,6,1,false,73
724,2579,7771,1000,7771,5994.0,19321,70,1,1,1.0,1000,6,1,false,73
724,2580,7774,1000,7774,5994.0,19321,70,1,1,1.0,1000,6,1,false,73
724,2581,7777,1000,7777,5994.0,19321,70,1,1,1.0,1000,6,1,false,73
724,2582,7780,1000,7780,5994.0,19321,70,1,1,1.0,1000,6,1,false,73
724,2583,7783,1000,7783,5994.0,19321,70,1,1,1.0,1000,6,1,false,73
724,2584,7786,1000,7786,5994.0,19321,70,1,1,1.0,1000,6,1,false,73
724,2585,7789,1000,7789,5994.0,19321,70,1,1,1.0,1000,6,1,false,73
724,2586,7792,1000,7792,5994.0,19321,70,1,1,1.0,1000,6,1,false,73
724,2587,7795,1000,7795,5994.0,19321,70,1,1,1.0,1000,6,1,false,73
724,2588,7798,1000,7798,5994.0,19321,70,1,1,1.0,1000,6,1,false,73
724,2589,7801,1000,7801,5994.0,19321,70,1,1,1.0,1000,6,1,false,73
724,2590,7804,1000,7804,5994.0,19321,70,1,1,1.0,1000,6,1,false,73
724,2591,7807,1000,7807,5994.0,19321,70,1,1,1.0,1000,6,1,false,73
724,2592,7810,1000,7810,5994.0,19321,70,1,1,1.0,1000,6,1,false,73
724,2593,7813,1000,7813,5994.0,19321,70,1,1,1.0,1000,6,1,false,73
724,2594,7816,1000,7816,5994.0,19321,70,1,1,1.0,1000,6,1,false,73
724,2595,7819,1000,7819,5994.0,19321,70,1,1,1.0,1000,6,1,false,73
724,2596,7822,1000,7822,5994.0,19321,70,1,1,1.0,1000,6,1,false,73
724,2597,7825,1000,7825,5994.0,19321,70,1,1,1.0,1000,6,1,false,73
724,2598,7828,1000,7828,5994.0,19321,70,1,1,1.0,1000,6,1,false,73
724,2599,7831,1000,7831,5994.0,19321,70,1,1,1.0,1000,6,1,false,73
724,2600,7834,1000,7834,5994.0,19321,70,1,1,1.0,1000,6,1,false,73
724,2601,7837,1000,7837,5994.0,19321,70,1,1,1.0,1000,6,1,false,73
724,2602,7840,1000,7840,5994.0,19321,70,1,1,1.0,1000,6,1,false,73
724,2603,7843,1000,7843,5994.0,19321,70,1,1,1.0,1000,6,1,false,73
724,2604,7846,1000,7846,5994.0,19321,70,1,1,1.0,1000,6,1,false,73
724,2605,7849,1000,7849,5994.0,19321,70,1,1,1.0,1000,6,1,false,73
724,2606,7852,1000,7852,5994.0,19321,70,1,1,1.0,1000,6,1,false,73
724,2607,7855,1000,7855,5994.0,19321,70,1,1,1.0,1000,6,1,false,73
724,2608,7858,1000,7858,5994.0,19321,70,1,1,1.0,1000,6,1,false,73
724,2609,7861,1000,7861,5994.0,19321,70,1,1,1.0,1000,6,1,false,73
724,2610,7864,1000,7864,5994.0,19321,70,1,1,1.0,1000,6,1,false,73
724,2611,7867,1000,7867,5994.0,19321,70,1,1,1.0,1000,6,1,false,73
724,2612,7870,1000,7870,5994.0,19321,70,1,1,1.0,1000,6,1,false,73
724,2613,7873,1000,7873,5994.0,19321,70,1,1,1.0,1000,6,1,false,73
724,2614,7876,1000,7876,5994.0,19321,70,1,1,1.0,1000,6,1,false,73
724,2615,7879,1000,7879,5994.0,19321,70,1,1,1.0,1000,6,1,false,73
724,2616,7882,1000,7882,5994.0,19321,70,1,1,1.0,1000,6,1,false,73
724,2617,7885,1000,7885,5994.0,19321,70,1,1,1.0,1000,6,1,false,73
724,2618,7888,1000,7888,5994.0,19321,70,1,1,1.0,1000,6,1,false,73
724,2619,7891,1000,7891,5994.0,19321,70,1,1,1.0,1000,6,1,false,73
724,2620,7894,1000,7894,5994.0,19321,70,1,1,1.0,1000,6,1,false,73
724,2621,7897,1000,7897,5994.0,19321,70,1,1,1.0,1000,6,1,false,73
724,2622,7900,1000,7900,5994.0,19321,70,1,1,1.0,1000,6,1,false,73
724,2623,7903,1000,7903,5994.0,19321,70,1,1,1.0,1000,6,1,false,73
724,2624,7906,1000,7906,5994.0,19321,70,1,1,1.0,1000,6,1,false,73
724,2625,7909,1000,7909,5994.0,19321,70,1,1,1.0,1000,6,1,false,73
724,2626,7912,1000,7912,5994.0,19321,70,1,1,1.0,1000,6,1,false,73
724,2627,7915,1000,7915,5994.0,19321,70,1,1,1.0,1000,6,1,false,73
724,2628,7918,1000,7918,5994.0,19321,70,1,1,1.0,1000,6,1,false,73
724,2629,7921,1000,7921,5994.0,19321,70,1,1,1.0,1000,6,1,false,73
724,2630,7924,1000,7924,5994.0,19321,70,1,1,1.0,1000,6,1,false,73
724,2631,7927,1000,7927,5994.0,19321,70,1,1,1.0,1000,6,1,false,73
724,2632,7930,1000,7930,5994.0,19321,70,1,1,1.0,1000,6,1,false,73
724,2633,7933,1000,7933,5994.0,19321,70,1,1,1.0,1000,6,1,false,73
724,2634,7936,1000,7936,5994.0,19321,70,1,1,1.0,1000,6,1,false,73
724,2635,7940,1000,7940,5994.0,19321,70,1,1,1.0,1000,6,1,false,73
724,2636,7943,1000,7943,5994.0,19321,70,1,1,1.0,1000,6,1,false,73
724,2637,7946,1000,7946,5994.0,19321,70,1,1,1.0,1000,6,1,false,73
724,2638,7949,1000,7949,5994.0,19321,70,1,1,1.0,1000,6,1,false,73
724,2639,7952,1000,7952,5994.0,19321,70,1,1,1.0,1000,6,1,false,73
724,2640,7955,1000,7955,5994.0,19321,70,1,1,1.0,1000,6,1,false,73
724,2641,7958,1000,7958,5994.0,19321,70,1,1,1.0,1000,6,1,false,73
724,2642,7961,1000,7961,5994.0,19321,70,1,1,1.0,1000,6,1,false,73
724,2643,7964,1000,7964,5994.0,19321,70,1,1,1.0,1000,6,1,false,73
724,2644,7967,1000,7967,5994.0,19321,70,1,1,1.0,1000,6,1,false,73
724,2645,7970,1000,7970,5994.0,19321,70,1,1,1.0,1000,6,1,false,73
724,2646,7973,1000,7973,5994.0,19321,70,1,1,1.0,1000,6,1,false,73
724,2647,7976,1000,7976,5994.0,19321,70,1,1,1.0,1000,6,1,false,73
724,2648,7979,1000,7979,5994.0,19321,70,1,1,1.0,1000,6,1,false,73
724,2649,7982,1000,7982,5994.0,19321,70,1,1,1.0,1000,6,1,false,73
724,2650,7985,1000,7985,5994.0,19321,70,1,1,1.0,1000,6,1,false,73
724,2651,7989,1000,7989,5994.0,19321,70,1,1,1.0,1000,7,1,false,73
724,2652,7992,1000,7992,5994.0,19321,70,1,1,1.0,1000,6,1,false,73
724,2653,7995,1000,7995,5994.0,19321,70,1,1,1.0,1000,6,1,false,73
724,2654,7998,1000,7998,5994.0,19321,70,1,1,1.0,1000,6,1,false,73
724,2655,8001,1000,8001,5994.0,19321,70,1,1,1.0,1000,6,1,false,73
724,2656,8004,1000,8004,5994.0,19321,70,1,1,1.0,1000,6,1,false,73
724,2657,8007,1000,8007,5994.0,19321,70,1,1,1.0,1000,6,1,false,73
724,2658,8010,1000,8010,5994.0,19321,70,1,1,1.0,1000,6,1,false,73
724,2659,8013,1000,8013,5994.0,19321,70,1,1,1.0,1000,6,1,false,73
724,2660,8016,1000,8016,5994.0,19321,70,1,1,1.0,1000,6,1,false,73
724,2661,8019,1000,8019,5994.0,19321,70,1,1,1.0,1000,6,1,false,73
724,2662,8022,1000,8022,5994.0,19321,70,1,1,1.0,1000,6,1,false,73
724,2663,8025,1000,8025,5994.0,19321,70,1,1,1.0,1000,6,1,false,73
724,2664,8028,1000,8028,5994.0,19321,70,1,1,1.0,1000,6,1,false,73
724,2665,8031,1000,8031,5994.0,19321,70,1,1,1.0,1000,6,1,false,73
724,2666,8034,1000,8034,5994.0,19321,70,1,1,1.0,1000,6,1,false,73
724,2667,8037,1000,8037,5994.0,19321,70,1,1,1.0,1000,6,1,false,73
724,2668,8040,1000,8040,5994.0,19321,70,1,1,1.0,1000,6,1,false,73
724,2669,8043,1000,8043,5994.0,19321,70,1,1,1.0,1000,6,1,false,73
724,2670,8046,1000,8046,5994.0,19321,70,1,1,1.0,1000,6,1,false,73
724,2671,8049,1000,8049,5994.0,19321,70,1,1,1.0,1000,6,1,false,73
724,2672,8052,1000,8052,5994.0,19321,70,1,1,1.0,1000,6,1,false,73
724,2673,8055,1000,8055,5994.0,19321,70,1,1,1.0,1000,6,1,false,73
724,2674,8058,1000,8058,5994.0,19321,70,1,1,1.0,1000,6,1,false,73
724,2675,8061,1000,8061,5994.0,19321,70,1,1,1.0,1000,6,1,false,73
724,2676,8064,1000,8064,5994.0,19321,70,1,1,1.0,1000,6,1,false,73
724,2677,8067,1000,8067,5994.0,19321,70,1,1,1.0,1000,6,1,false,73
724,2678,8070,1000,8070,5994.0,19321,70,1,1,1.0,1000,6,1,false,73
724,2679,8073,1000,8073,5994.0,19321,70,1,1,1.0,1000,6,1,false,73
724,2680,8076,1000,8076,5994.0,19321,70,1,1,1.0,1000,6,1,false,73
724,2681,8079,1000,8079,5994.0,19321,70,1,1,1.0,1000,6,1,false,73
724,2682,8082,1000,8082,5994.0,19321,70,1,1,1.0,1000,6,1,false,73
724,2683,8085,1000,8085,5994.0,19321,70,1,1,1.0,1000,6,1,false,73
724,2684,8088,1000,8088,5994.0,19321,70,1,1,1.0,1000,6,1,false,73
724,2685,8091,1000,8091,5994.0,19321,70,1,1,1.0,1000,6,1,false,73
724,2686,8094,1000,8094,5994.0,19321,70,1,1,1.0,1000,6,1,false,73
724,2687,8097,1000,8097,5994.0,19321,70,1,1,1.0,1000,6,1,false,73
724,2688,8100,1000,8100,5994.0,19321,70,1,1,1.0,1000,6,1,false,73
724,2689,8103,1000,8103,5994.0,19321,70,1,1,1.0,1000,6,1,false,73
724,2690,8106,1000,8106,5994.0,19321,70,1,1,1.0,1000,6,1,false,73
724,2691,8109,1000,8109,5994.0,19321,70,1,1,1.0,1000,6,1,false,73
724,2692,8112,1000,8112,5994.0,19321,70,1,1,1.0,1000,6,1,false,73
724,2693,8115,1000,8115,5994.0,19321,70,1,1,1.0,1000,6,1,false,73
724,2694,8118,1000,8118,5994.0,19321,70,1,1,1.0,1000,6,1,false,73
724,2696,8124,1000,8124,5994.0,19321,70,1,1,1.0,1000,6,1,false,73
724,2696,8124,1000,8124,5994.0,19321,70,1,1,1.0,1000,6,1,false,73
724,2697,8127,1000,8127,5994.0,19321,70,1,1,1.0,1000,6,1,false,73
724,2698,8130,1000,8130,5994.0,19321,70,1,1,1.0,1000,6,1,false,73
724,2699,8133,1000,8133,5994.0,19321,70,1,1,1.0,1000,6,1,false,73
724,2700,8136,1000,8136,5994.0,19321,70,1,1,1.0,1000,6,1,false,73
724,2701,8139,1000,8139,5994.0,19321,70,1,1,1.0,1000,6,1,false,73
724,2702,8142,1000,8142,5994.0,19321,70,1,1,1.0,1000,6,1,false,73
724,2703,8145,1000,8145,5994.0,19321,70,1,1,1.0,1000,6,1,false,73
724,2704,8148,1000,8148,5994.0,19321,70,1,1,1.0,1000,6,1,false,73
724,2705,8151,1000,8151,5994.0,19321,70,1,1,1.0,1000,6,1,false,73
724,2706,8154,1000,8154,5994.0,19321,70,1,1,1.0,1000,6,1,false,73
724,2707,8157,1000,8157,5994.0,19321,70,1,1,1.0,1000,6,1,false,73
724,2708,8160,1000,8160,5994.0,19321,70,1,1,1.0,1000,6,1,false,73
724,2709,8164,1000,8164,5994.0,19321,70,1,1,1.0,1000,6,1,false,73
724,2710,8167,1000,8167,5994.0,19321,70,1,1,1.0,1000,6,1,false,73
724,2711,8170,1000,8170,5994.0,19321,70,1,1,1.0,1000,6,1,false,73
724,2712,8173,1000,8173,5994.0,19321,70,1,1,1.0,1000,6,1,false,73
724,2713,8176,1000,8176,5994.0,19321,70,1,1,1.0,1000,6,1,false,73
724,2714,8180,1000,8180,5994.0,19321,70,1,1,1.0,1000,6,1,false,73
724,2715,8183,1000,8183,5994.0,19321,70,1,1,1.0,1000,6,1,false,73
724,2716,8186,1000,8186,5994.0,19321,70,1,1,1.0,1000,6,1,false,73
724,2717,8189,1000,8189,5994.0,19321,70,1,1,1.0,1000,6,1,false,73
724,2718,8192,1000,8192,5994.0,19321,70,1,1,1.0,1000,6,1,false,73
724,2719,8195,1000,8195,5994.0,19321,70,1,1,1.0,1000,6,1,false,73
724,2720,8198,1000,8198,5994.0,19321,70,1,1,1.0,1000,6,1,false,73
724,2721,8201,1000,8201,5994.0,19321,70,1,1,1.0,1000,6,1,false,73
724,2722,8204,1000,8204,5994.0,19321,70,1,1,1.0,1000,6,1,false,73
724,2723,8207,1000,8207,5994.0,19321,70,1,1,1.0,1000,6,1,false,73
724,2724,8210,1000,8210,5994.0,19321,70,1,1,1.0,1000,6,1,false,73
724,2725,8213,1000,8213,5994.0,19321,70,1,1,1.0,1000,6,1,false,73
724,2726,8216,1000,8216,5994.0,19321,70,1,1,1.0,1000,6,1,false,73
724,2727,8219,1000,8219,5994.0,19321,70,1,1,1.0,1000,6,1,false,73
724,2728,8222,1000,8222,5994.0,19321,70,1,1,1.0,1000,6,1,false,73
724,2729,8225,1000,8225,5994.0,19321,70,1,1,1.0,1000,6,1,false,73
724,2730,8228,1000,8228,5994.0,19321,70,1,1,1.0,1000,6,1,false,73
724,2731,8231,1000,8231,5994.0,19321,70,1,1,1.0,1000,6,1,false,73
724,2732,8234,1000,8234,5994.0,19321,70,1,1,1.0,1000,6,1,false,73
724,2733,8237,1000,8237,5994.0,19321,70,1,1,1.0,1000,6,1,false,73
724,2734,8240,1000,8240,5994.0,19321,70,1,1,1.0,1000,6,1,false,73
724,2735,8243,1000,8243,5994.0,19321,70,1,1,1.0,1000,6,1,false,73
724,2736,8246,1000,8246,5994.0,19321,70,1,1,1.0,1000,6,1,false,73
724,2737,8249,1000,8249,5994.0,19321,70,1,1,1.0,1000,6,1,false,73
724,2738,8252,1000,8252,5994.0,19321,70,1,1,1.0,1000,6,1,false,73
724,2740,8258,1000,8258,5994.0,19321,70,1,1,1.0,1000,6,1,false,73
724,2740,8258,1000,8258,5994.0,19321,70,1,1,1.0,1000,6,1,false,73
724,2741,8261,1000,8261,5994.0,19321,70,1,1,1.0,1000,6,1,false,73
724,2742,8264,1000,8264,5994.0,19321,70,1,1,1.0,1000,6,1,false,73
724,2743,8267,1000,8267,5994.0,19321,70,1,1,1.0,1000,6,1,false,73
724,2744,8270,1000,8270,5994.0,19321,70,1,1,1.0,1000,6,1,false,73
724,2745,8273,1000,8273,5994.0,19321,70,1,1,1.0,1000,6,1,false,73
724,2746,8276,1000,8276,5994.0,19321,70,1,1,1.0,1000,6,1,false,73
724,2747,8279,1000,8279,5994.0,19321,70,1,1,1.0,1000,6,1,false,73
724,2748,8282,1000,8282,5994.0,19321,70,1,1,1.0,1000,6,1,false,73
724,2749,8285,1000,8285,5994.0,19321,70,1,1,1.0,1000,6,1,false,73
724,2750,8288,1000,8288,5994.0,19321,70,1,1,1.0,1000,6,1,false,73
724,2751,8291,1000,8291,5994.0,19321,70,1,1,1.0,1000,6,1,false,73
724,2752,8294,1000,8294,5994.0,19321,70,1,1,1.0,1000,6,1,false,73
724,2753,8297,1000,8297,5994.0,19321,70,1,1,1.0,1000,6,1,false,73
724,2754,8300,1000,8300,5994.0,19321,70,1,1,1.0,1000,6,1,false,73
724,2755,8303,1000,8303,5994.0,19321,70,1,1,1.0,1000,6,1,false,73
724,2756,8306,1000,8306,5994.0,19321,70,1,1,1.0,1000,6,1,false,73
724,2757,8310,1000,8310,5994.0,19321,70,1,1,1.0,1000,7,1,false,73
724,2758,8313,1000,8313,5994.0,19321,70,1,1,1.0,1000,6,1,false,73
724,2759,8316,1000,8316,5994.0,19321,70,1,1,1.0,1000,6,1,false,73
724,2760,8319,1000,8319,5994.0,19321,70,1,1,1.0,1000,6,1,false,73
724,2761,8322,1000,8322,5994.0,19321,70,1,1,1.0,1000,6,1,false,73
724,2762,8326,1000,8326,5994.0,19321,70,1,1,1.0,1000,6,1,false,73
724,2763,8329,1000,8329,5994.0,19321,70,1,1,1.0,1000,6,1,false,73
724,2764,8332,1000,8332,5994.0,19321,70,1,1,1.0,1000,6,1,false,73
724,2765,8335,1000,8335,5994.0,19321,70,1,1,1.0,1000,6,1,false,73
724,2766,8339,1000,8339,5994.0,19321,70,1,1,1.0,1000,7,1,false,73
724,2767,8342,1000,8342,5994.0,19321,70,1,1,1.0,1000,6,1,false,73
724,2768,8345,1000,8345,5994.0,19321,70,1,1,1.0,1000,6,1,false,73
724,2769,8348,1000,8348,5994.0,19321,70,1,1,1.0,1000,6,1,false,73
724,2770,8351,1000,8351,5994.0,19321,70,1,1,1.0,1000,6,1,false,73
724,2771,8355,1000,8355,5994.0,19321,70,1,1,1.0,1000,7,1,false,73
724,2772,8358,1000,8358,5994.0,19321,70,1,1,1.0,1000,6,1,false,73
724,2773,8361,1000,8361,5994.0,19321,70,1,1,1.0,1000,6,1,false,73
724,2774,8364,1000,8364,5994.0,19321,70,1,1,1.0,1000,6,1,false,73
724,2775,8367,1000,8367,5994.0,19321,70,1,1,1.0,1000,6,1,false,73
724,2776,8370,1000,8370,5994.0,19321,70,1,1,1.0,1000,6,1,false,73
724,2777,8373,1000,8373,5994.0,19321,70,1,1,1.0,1000,6,1,false,73
724,2778,8376,1000,8376,5994.0,19321,70,1,1,1.0,1000,6,1,false,73
724,2779,8379,1000,8379,5994.0,19321,70,1,1,1.0,1000,6,1,false,73
724,2780,8382,1000,8382,5994.0,19321,70,1,1,1.0,1000,6,1,false,73
724,2781,8385,1000,8385,5994.0,19321,70,1,1,1.0,1000,6,1,false,73
724,2782,8388,1000,8388,5994.0,19321,70,1,1,1.0,1000,6,1,false,73
724,2783,8391,1000,8391,5994.0,19321,70,1,1,1.0,1000,6,1,false,73
724,2784,8394,1000,8394,5994.0,19321,70,1,1,1.0,1000,6,1,false,73
724,2785,8397,1000,8397,5994.0,19321,70,1,1,1.0,1000,6,1,false,73
724,2786,8400,1000,8400,5994.0,19321,70,1,1,1.0,1000,6,1,false,73
724,2787,8403,1000,8403,5994.0,19321,70,1,1,1.0,1000,6,1,false,73
724,2788,8406,1000,8406,5994.0,19321,70,1,1,1.0,1000,6,1,false,73
724,2789,8409,1000,8409,5994.0,19321,70,1,1,1.0,1000,6,1,false,73
724,2790,8412,1000,8412,5994.0,19321,70,1,1,1.0,1000,6,1,false,73
724,2791,8415,1000,8415,5994.0,19321,70,1,1,1.0,1000,6,1,false,73
724,2792,8418,1000,8418,5994.0,19321,70,1,1,1.0,1000,6,1,false,73
724,2793,8421,1000,8421,5994.0,19321,70,1,1,1.0,1000,6,1,false,73
724,2794,8424,1000,8424,5994.0,19321,70,1,1,1.0,1000,6,1,false,73
724,2795,8427,1000,8427,5994.0,19321,70,1,1,1.0,1000,6,1,false,73
724,2796,8430,1000,8430,5994.0,19321,70,1,1,1.0,1000,6,1,false,73
724,2797,8434,1000,8434,5994.0,19321,70,1,1,1.0,1000,6,1,false,73
724,2798,8437,1000,8437,5994.0,19321,70,1,1,1.0,1000,6,1,false,73
724,2799,8440,1000,8440,5994.0,19321,70,1,1,1.0,1000,6,1,false,73
724,2800,8443,1000,8443,5994.0,19321,70,1,1,1.0,1000,6,1,false,73
724,2801,8446,1000,8446,5994.0,19321,70,1,1,1.0,1000,7,1,false,73
724,2802,8449,1000,8449,5994.0,19321,70,1,1,1.0,1000,6,1,false,73
724,2803,8452,1000,8452,5994.0,19321,70,1,1,1.0,1000,6,1,false,73
724,2804,8455,1000,8455,5994.0,19321,70,1,1,1.0,1000,6,1,false,73
724,2805,8458,1000,8458,5994.0,19321,70,1,1,1.0,1000,6,1,false,73
724,2806,8461,1000,8461,5994.0,19321,70,1,1,1.0,1000,6,1,false,73
724,2807,8465,1000,8465,5994.0,19321,70,1,1,1.0,1000,7,1,false,73
724,2808,8468,1000,8468,5994.0,19321,70,1,1,1.0,1000,6,1,false,73
724,2809,8471,1000,8471,5994.0,19321,70,1,1,1.0,1000,6,1,false,73
724,2810,8474,1000,8474,5994.0,19321,70,1,1,1.0,1000,6,1,false,73
724,2811,8477,1000,8477,5994.0,19321,70,1,1,1.0,1000,6,1,false,73
724,2812,8480,1000,8480,5994.0,19321,70,1,1,1.0,1000,6,1,false,73
724,2813,8483,1000,8483,5994.0,19321,70,1,1,1.0,1000,6,1,false,73
724,2814,8486,1000,8486,5994.0,19321,70,1,1,1.0,1000,6,1,false,73
724,2815,8489,1000,8489,5994.0,19321,70,1,1,1.0,1000,6,1,false,73
724,2816,8492,1000,8492,5994.0,19321,70,1,1,1.0,1000,6,1,false,73
724,2817,8495,1000,8495,5994.0,19321,70,1,1,1.0,1000,6,1,false,73
724,2818,8498,1000,8498,5994.0,19321,70,1,1,1.0,1000,6,1,false,73
724,2819,8501,1000,8501,5994.0,19321,70,1,1,1.0,1000,6,1,false,73
724,2820,8504,1000,8504,5994.0,19321,70,1,1,1.0,1000,6,1,false,73
724,2821,8507,1000,8507,5994.0,19321,70,1,1,1.0,1000,6,1,false,73
724,2822,8510,1000,8510,5994.0,19321,70,1,1,1.0,1000,6,1,false,73
724,2823,8513,1000,8513,5994.0,19321,70,1,1,1.0,1000,6,1,false,73
724,2824,8516,1000,8516,5994.0,19321,70,1,1,1.0,1000,6,1,false,73
724,2825,8519,1000,8519,5994.0,19321,70,1,1,1.0,1000,6,1,false,73
724,2826,8522,1000,8522,5994.0,19321,70,1,1,1.0,1000,6,1,false,73
724,2827,8525,1000,8525,5994.0,19321,70,1,1,1.0,1000,6,1,false,73
724,2828,8528,1000,8528,5994.0,19321,70,1,1,1.0,1000,6,1,false,73
724,2829,8531,1000,8531,5994.0,19321,70,1,1,1.0,1000,6,1,false,73
724,2830,8534,1000,8534,5994.0,19321,70,1,1,1.0,1000,6,1,false,73
724,2831,8537,1000,8537,5994.0,19321,70,1,1,1.0,1000,6,1,false,73
724,2832,8540,1000,8540,5994.0,19321,70,1,1,1.0,1000,6,1,false,73
724,2833,8543,1000,8543,5994.0,19321,70,1,1,1.0,1000,6,1,false,73
724,2834,8546,1000,8546,5994.0,19321,70,1,1,1.0,1000,6,1,false,73
724,2835,8549,1000,8549,5994.0,19321,70,1,1,1.0,1000,6,1,false,73
724,2837,8555,1000,8555,5994.0,19321,70,1,1,1.0,1000,6,1,false,73
724,2837,8555,1000,8555,5994.0,19321,70,1,1,1.0,1000,6,1,false,73
724,2838,8558,1000,8558,5994.0,19321,70,1,1,1.0,1000,6,1,false,73
724,2839,8561,1000,8561,5994.0,19321,70,1,1,1.0,1000,6,1,false,73
724,2840,8564,1000,8564,5994.0,19321,70,1,1,1.0,1000,6,1,false,73
724,2841,8567,1000,8567,5994.0,19321,70,1,1,1.0,1000,6,1,false,73
724,2842,8570,1000,8570,5994.0,19321,70,1,1,1.0,1000,6,1,false,73
724,2843,8573,1000,8573,5994.0,19321,70,1,1,1.0,1000,6,1,false,73
724,2844,8576,1000,8576,5994.0,19321,70,1,1,1.0,1000,6,1,false,73
724,2845,8579,1000,8579,5994.0,19321,70,1,1,1.0,1000,6,1,false,73
724,2846,8582,1000,8582,5994.0,19321,70,1,1,1.0,1000,6,1,false,73
724,2847,8585,1000,8585,5994.0,19321,70,1,1,1.0,1000,6,1,false,73
724,2848,8588,1000,8588,5994.0,19321,70,1,1,1.0,1000,6,1,false,73
724,2849,8591,1000,8591,5994.0,19321,70,1,1,1.0,1000,6,1,false,73
724,2850,8594,1000,8594,5994.0,19321,70,1,1,1.0,1000,6,1,false,73
724,2851,8597,1000,8597,5994.0,19321,70,1,1,1.0,1000,6,1,false,73
724,2852,8600,1000,8600,5994.0,19321,70,1,1,1.0,1000,6,1,false,73
724,2853,8603,1000,8603,5994.0,19321,70,1,1,1.0,1000,6,1,false,73
724,2854,8606,1000,8606,5994.0,19321,70,1,1,1.0,1000,6,1,false,73
724,2855,8609,1000,8609,5994.0,19321,70,1,1,1.0,1000,6,1,false,73
724,2856,8612,1000,8612,5994.0,19321,70,1,1,1.0,1000,6,1,false,73
724,2857,8615,1000,8615,5994.0,19321,70,1,1,1.0,1000,6,1,false,73
724,2858,8618,1000,8618,5994.0,19321,70,1,1,1.0,1000,7,1,false,73
724,2859,8621,1000,8621,5994.0,19321,70,1,1,1.0,1000,6,1,false,73
724,2860,8624,1000,8624,5994.0,19321,70,1,1,1.0,1000,6,1,false,73
724,2861,8627,1000,8627,5994.0,19321,70,1,1,1.0,1000,6,1,false,73
724,2862,8630,1000,8630,5994.0,19321,70,1,1,1.0,1000,6,1,false,73
724,2863,8633,1000,8633,5994.0,19321,70,1,1,1.0,1000,6,1,false,73
724,2864,8636,1000,8636,5994.0,19321,70,1,1,1.0,1000,6,1,false,73
724,2865,8639,1000,8639,5994.0,19321,70,1,1,1.0,1000,6,1,false,73
724,2866,8643,1000,8643,5994.0,19321,70,1,1,1.0,1000,7,1,false,73
724,2867,8646,1000,8646,5994.0,19321,70,1,1,1.0,1000,6,1,false,73
724,2868,8649,1000,8649,5994.0,19321,70,1,1,1.0,1000,6,1,false,73
724,2869,8652,1000,8652,5994.0,19321,70,1,1,1.0,1000,6,1,false,73
724,2870,8655,1000,8655,5994.0,19321,70,1,1,1.0,1000,6,1,false,73
724,2871,8658,1000,8658,5994.0,19321,70,1,1,1.0,1000,6,1,false,73
724,2872,8661,1000,8661,5994.0,19321,70,1,1,1.0,1000,6,1,false,73
724,2873,8664,1000,8664,5994.0,19321,70,1,1,1.0,1000,6,1,false,73
724,2874,8667,1000,8667,5994.0,19321,70,1,1,1.0,1000,6,1,false,73
724,2875,8670,1000,8670,5994.0,19321,70,1,1,1.0,1000,6,1,false,73
724,2876,8673,1000,8673,5994.0,19321,70,1,1,1.0,1000,6,1,false,73
724,2877,8676,1000,8676,5994.0,19321,70,1,1,1.0,1000,6,1,false,73
724,2878,8679,1000,8679,5994.0,19321,70,1,1,1.0,1000,6,1,false,73
724,2879,8682,1000,8682,5994.0,19321,70,1,1,1.0,1000,6,1,false,73
724,2880,8685,1000,8685,5994.0,19321,70,1,1,1.0,1000,6,1,false,73
724,2881,8689,1000,8689,5994.0,19321,70,1,1,1.0,1000,7,1,false,73
724,2883,8695,1000,8695,5994.0,19321,70,1,1,1.0,1000,6,1,false,73
724,2883,8695,1000,8695,5994.0,19321,70,1,1,1.0,1000,6,1,false,73
724,2884,8698,1000,8698,5994.0,19321,70,1,1,1.0,1000,6,1,false,73
724,2885,8701,1000,8701,5994.0,19321,70,1,1,1.0,1000,6,1,false,73
724,2886,8704,1000,8704,5994.0,19321,70,1,1,1.0,1000,6,1,false,73
724,2887,8707,1000,8707,5994.0,19321,70,1,1,1.0,1000,6,1,false,73
724,2888,8710,1000,8710,5994.0,19321,70,1,1,1.0,1000,6,1,false,73
724,2889,8713,1000,8713,5994.0,19321,70,1,1,1.0,1000,6,1,false,73
724,2890,8716,1000,8716,5994.0,19321,70,1,1,1.0,1000,6,1,false,73
724,2891,8719,1000,8719,5994.0,19321,70,1,1,1.0,1000,6,1,false,73
724,2892,8722,1000,8722,5994.0,19321,70,1,1,1.0,1000,6,1,false,73
724,2893,8725,1000,8725,5994.0,19321,70,1,1,1.0,1000,6,1,false,73
724,2894,8728,1000,8728,5994.0,19321,70,1,1,1.0,1000,6,1,false,73
724,2895,8731,1000,8731,5994.0,19321,70,1,1,1.0,1000,6,1,false,73
724,2896,8734,1000,8734,5994.0,19321,70,1,1,1.0,1000,6,1,false,73
724,2897,8737,1000,8737,5994.0,19321,70,1,1,1.0,1000,6,1,false,73
724,2898,8740,1000,8740,5994.0,19321,70,1,1,1.0,1000,6,1,false,73
724,2899,8743,1000,8743,5994.0,19321,70,1,1,1.0,1000,6,1,false,73
724,2900,8746,1000,8746,5994.0,19321,70,1,1,1.0,1000,6,1,false,73
724,2901,8749,1000,8749,5994.0,19321,70,1,1,1.0,1000,6,1,false,73
724,2902,8752,1000,8752,5994.0,19321,70,1,1,1.0,1000,6,1,false,73
724,2903,8755,1000,8755,5994.0,19321,70,1,1,1.0,1000,6,1,false,73
724,2904,8758,1000,8758,5994.0,19321,70,1,1,1.0,1000,6,1,false,73
724,2905,8762,1000,8762,5994.0,19321,70,1,1,1.0,1000,7,1,false,73
724,2906,8765,1000,8765,5994.0,19321,70,1,1,1.0,1000,6,1,false,73
724,2907,8768,1000,8768,5994.0,19321,70,1,1,1.0,1000,6,1,false,73
724,2908,8771,1000,8771,5994.0,19321,70,1,1,1.0,1000,6,1,false,73
724,2909,8774,1000,8774,5994.0,19321,70,1,1,1.0,1000,6,1,false,73
724,2910,8777,1000,8777,5994.0,19321,70,1,1,1.0,1000,6,1,false,73
724,2911,8780,1000,8780,5994.0,19321,70,1,1,1.0,1000,6,1,false,73
724,2912,8783,1000,8783,5994.0,19321,70,1,1,1.0,1000,6,1,false,73
724,2913,8786,1000,8786,5994.0,19321,70,1,1,1.0,1000,6,1,false,73
724,2914,8789,1000,8789,5994.0,19321,70,1,1,1.0,1000,6,1,false,73
724,2915,8792,1000,8792,5994.0,19321,70,1,1,1.0,1000,6,1,false,73
724,2916,8795,1000,8795,5994.0,19321,70,1,1,1.0,1000,6,1,false,73
724,2917,8798,1000,8798,5994.0,19321,70,1,1,1.0,1000,6,1,false,73
724,2918,8801,1000,8801,5994.0,19321,70,1,1,1.0,1000,6,1,false,73
724,2920,8807,1000,8807,5994.0,19321,70,1,1,1.0,1000,6,1,false,73
724,2920,8807,1000,8807,5994.0,19321,70,1,1,1.0,1000,6,1,false,73
724,2921,8810,1000,8810,5994.0,19321,70,1,1,1.0,1000,6,1,false,73
724,2922,8813,1000,8813,5994.0,19321,70,1,1,1.0,1000,6,1,false,73
724,2923,8816,1000,8816,5994.0,19321,70,1,1,1.0,1000,6,1,false,73
724,2924,8819,1000,8819,5994.0,19321,70,1,1,1.0,1000,6,1,false,73
724,2925,8822,1000,8822,5994.0,19321,70,1,1,1.0,1000,6,1,false,73
724,2926,8825,1000,8825,5994.0,19321,70,1,1,1.0,1000,6,1,false,73
724,2927,8828,1000,8828,5994.0,19321,70,1,1,1.0,1000,6,1,false,73
724,2928,8831,1000,8831,5994.0,19321,70,1,1,1.0,1000,6,1,false,73
724,2929,8834,1000,8834,5994.0,19321,70,1,1,1.0,1000,6,1,false,73
724,2930,8837,1000,8837,5994.0,19321,70,1,1,1.0,1000,6,1,false,73
724,2931,8840,1000,8840,5994.0,19321,70,1,1,1.0,1000,6,1,false,73
724,2932,8843,1000,8843,5994.0,19321,70,1,1,1.0,1000,6,1,false,73
724,2933,8846,1000,8846,5994.0,19321,70,1,1,1.0,1000,6,1,false,73
724,2934,8849,1000,8849,5994.0,19321,70,1,1,1.0,1000,6,1,false,73
724,2935,8852,1000,8852,5994.0,19321,70,1,1,1.0,1000,6,1,false,73
724,2936,8855,1000,8855,5994.0,19321,70,1,1,1.0,1000,6,1,false,73
724,2937,8858,1000,8858,5994.0,19321,70,1,1,1.0,1000,6,1,false,73
724,2938,8861,1000,8861,5994.0,19321,70,1,1,1.0,1000,6,1,false,73
724,2939,8864,1000,8864,5994.0,19321,70,1,1,1.0,1000,6,1,false,73
724,2940,8867,1000,8867,5994.0,19321,70,1,1,1.0,1000,6,1,false,73
724,2941,8870,1000,8870,5994.0,19321,70,1,1,1.0,1000,6,1,false,73
724,2942,8873,1000,8873,5994.0,19321,70,1,1,1.0,1000,6,1,false,73
724,2943,8876,1000,8876,5994.0,19321,70,1,1,1.0,1000,6,1,false,73
724,2944,8879,1000,8879,5994.0,19321,70,1,1,1.0,1000,6,1,false,73
724,2945,8882,1000,8882,5994.0,19321,70,1,1,1.0,1000,6,1,false,73
724,2946,8885,1000,8885,5994.0,19321,70,1,1,1.0,1000,6,1,false,73
724,2947,8888,1000,8888,5994.0,19321,70,1,1,1.0,1000,6,1,false,73
724,2948,8891,1000,8891,5994.0,19321,70,1,1,1.0,1000,6,1,false,73
724,2949,8895,1000,8895,5994.0,19321,70,1,1,1.0,1000,6,1,false,73
724,2950,8898,1000,8898,5994.0,19321,70,1,1,1.0,1000,6,1,false,73
724,2951,8900,1000,8900,5994.0,19321,70,1,1,1.0,1000,6,1,false,73
724,2952,8903,1000,8903,5994.0,19321,70,1,1,1.0,1000,6,1,false,73
724,2953,8906,1000,8906,5994.0,19321,70,1,1,1.0,1000,6,1,false,73
724,2954,8909,1000,8909,5994.0,19321,70,1,1,1.0,1000,6,1,false,73
724,2955,8912,1000,8912,5994.0,19321,70,1,1,1.0,1000,6,1,false,73
724,2956,8915,1000,8915,5994.0,19321,70,1,1,1.0,1000,6,1,false,73
724,2957,8919,1000,8919,5994.0,19321,70,1,1,1.0,1000,7,1,false,73
724,2958,8922,1000,8922,5994.0,19321,70,1,1,1.0,1000,6,1,false,73
724,2959,8925,1000,8925,5994.0,19321,70,1,1,1.0,1000,6,1,false,73
724,2960,8928,1000,8928,5994.0,19321,70,1,1,1.0,1000,6,1,false,73
724,2961,8931,1000,8931,5994.0,19321,70,1,1,1.0,1000,6,1,false,73
724,2962,8934,1000,8934,5994.0,19321,70,1,1,1.0,1000,6,1,false,73
724,2963,8937,1000,8937,5994.0,19321,70,1,1,1.0,1000,6,1,false,73
724,2964,8940,1000,8940,5994.0,19321,70,1,1,1.0,1000,6,1,false,73
724,2965,8943,1000,8943,5994.0,19321,70,1,1,1.0,1000,6,1,false,73
724,2966,8946,1000,8946,5994.0,19321,70,1,1,1.0,1000,6,1,false,73
724,2967,8949,1000,8949,5994.0,19321,70,1,1,1.0,1000,6,1,false,73
724,2968,8952,1000,8952,5994.0,19321,70,1,1,1.0,1000,6,1,false,73
724,2969,8955,1000,8955,5994.0,19321,70,1,1,1.0,1000,6,1,false,73
724,2970,8958,1000,8958,5994.0,19321,70,1,1,1.0,1000,6,1,false,73
724,2971,8961,1000,8961,5994.0,19321,70,1,1,1.0,1000,6,1,false,73
724,2972,8964,1000,8964,5994.0,19321,70,1,1,1.0,1000,6,1,false,73
724,2973,8967,1000,8967,5994.0,19321,70,1,1,1.0,1000,6,1,false,73
724,2974,8970,1000,8970,5994.0,19321,70,1,1,1.0,1000,6,1,false,73
724,2975,8973,1000,8973,5994.0,19321,70,1,1,1.0,1000,6,1,false,73
724,2976,8976,1000,8976,5994.0,19321,70,1,1,1.0,1000,6,1,false,73
724,2977,8979,1000,8979,5994.0,19321,70,1,1,1.0,1000,6,1,false,73
724,2978,8982,1000,8982,5994.0,19321,70,1,1,1.0,1000,6,1,false,73
724,2979,8985,1000,8985,5994.0,19321,70,1,1,1.0,1000,6,1,false,73
724,2980,8988,1000,8988,5994.0,19321,70,1,1,1.0,1000,6,1,false,73
724,2981,8991,1000,8991,5994.0,19321,70,1,1,1.0,1000,6,1,false,73
724,2982,8994,1000,8994,5994.0,19321,70,1,1,1.0,1000,6,1,false,73
724,2983,8997,1000,8997,5994.0,19321,70,1,1,1.0,1000,6,1,false,73
724,2984,9000,1000,9000,5994.0,19321,70,1,1,1.0,1000,6,1,false,73
724,2985,9003,1000,9003,5994.0,19321,70,1,1,1.0,1000,6,1,false,73
724,2986,9006,1000,9006,5994.0,19321,70,1,1,1.0,1000,6,1,false,73
724,2987,9009,1000,9009,5994.0,19321,70,1,1,1.0,1000,6,1,false,73
724,2988,9012,1000,9012,5994.0,19321,70,1,1,1.0,1000,6,1,false,73
724,2989,9015,1000,9015,5994.0,19321,70,1,1,1.0,1000,6,1,false,73
724,2990,9018,1000,9018,5994.0,19321,70,1,1,1.0,1000,6,1,false,73
724,2991,9021,1000,9021,5994.0,19321,70,1,1,1.0,1000,6,1,false,73
724,2992,9024,1000,9024,5994.0,19321,70,1,1,1.0,1000,6,1,false,73
724,2993,9027,1000,9027,5994.0,19321,70,1,1,1.0,1000,6,1,false,73
724,2994,9030,1000,9030,5994.0,19321,70,1,1,1.0,1000,6,1,false,73
724,2995,9033,1000,9033,5994.0,19321,70,1,1,1.0,1000,6,1,false,73
724,2996,9036,1000,9036,5994.0,19321,70,1,1,1.0,1000,6,1,false,73
724,2997,9039,1000,9039,5994.0,19321,70,1,1,1.0,1000,6,1,false,73
724,2998,9042,1000,9042,5994.0,19321,70,1,1,1.0,1000,6,1,false,73
724,2999,9045,1000,9045,5994.0,19321,70,1,1,1.0,1000,6,1,false,73
724,3000,9048,1000,9048,5994.0,19321,70,1,1,1.0,1000,6,1,false,73
724,3001,9051,1000,9051,5994.0,19321,70,1,1,1.0,1000,6,1,false,73
724,3002,9054,1000,9054,5994.0,19321,70,1,1,1.0,1000,6,1,false,73
724,3003,9057,1000,9057,5994.0,19321,70,1,1,1.0,1000,6,1,false,73
724,3004,9060,1000,9060,5994.0,19321,70,1,1,1.0,1000,6,1,false,73
724,3005,9063,1000,9063,5994.0,19321,70,1,1,1.0,1000,6,1,false,73
724,3006,9066,1000,9066,5994.0,19321,70,1,1,1.0,1000,6,1,false,73
724,3007,9069,1000,9069,5994.0,19321,70,1,1,1.0,1000,6,1,false,73
724,3008,9072,1000,9072,5994.0,19321,70,1,1,1.0,1000,6,1,false,73
724,3009,9075,1000,9075,5994.0,19321,70,1,1,1.0,1000,6,1,false,73
724,3010,9078,1000,9078,5994.0,19321,70,1,1,1.0,1000,7,1,false,73
724,3011,9081,1000,9081,5994.0,19321,70,1,1,1.0,1000,6,1,false,73
724,3012,9084,1000,9084,5994.0,19321,70,1,1,1.0,1000,6,1,false,73
724,3013,9087,1000,9087,5994.0,19321,70,1,1,1.0,1000,6,1,false,73
724,3014,9090,1000,9090,5994.0,19321,70,1,1,1.0,1000,6,1,false,73
724,3015,9093,1000,9093,5994.0,19321,70,1,1,1.0,1000,6,1,false,73
724,3016,9096,1000,9096,5994.0,19321,70,1,1,1.0,1000,6,1,false,73
724,3017,9099,1000,9099,5994.0,19321,70,1,1,1.0,1000,6,1,false,73
724,3018,9102,1000,9102,5994.0,19321,70,1,1,1.0,1000,6,1,false,73
724,3019,9105,1000,9105,5994.0,19321,70,1,1,1.0,1000,6,1,false,73
724,3020,9108,1000,9108,5994.0,19321,70,1,1,1.0,1000,6,1,false,73
724,3021,9111,1000,9111,5994.0,19321,70,1,1,1.0,1000,6,1,false,73
724,3022,9114,1000,9114,5994.0,19321,70,1,1,1.0,1000,6,1,false,73
724,3023,9117,1000,9117,5994.0,19321,70,1,1,1.0,1000,6,1,false,73
724,3024,9120,1000,9120,5994.0,19321,70,1,1,1.0,1000,6,1,false,73
724,3025,9123,1000,9123,5994.0,19321,70,1,1,1.0,1000,6,1,false,73
724,3026,9126,1000,9126,5994.0,19321,70,1,1,1.0,1000,6,1,false,73
724,3027,9129,1000,9129,5994.0,19321,70,1,1,1.0,1000,6,1,false,73
724,3028,9132,1000,9132,5994.0,19321,70,1,1,1.0,1000,6,1,false,73
724,3029,9135,1000,9135,5994.0,19321,70,1,1,1.0,1000,6,1,false,73
724,3030,9138,1000,9138,5994.0,19321,70,1,1,1.0,1000,6,1,false,73
724,3031,9141,1000,9141,5994.0,19321,70,1,1,1.0,1000,6,1,false,73
724,3032,9144,1000,9144,5994.0,19321,70,1,1,1.0,1000,6,1,false,73
724,3033,9147,1000,9147,5994.0,19321,70,1,1,1.0,1000,6,1,false,73
724,3034,9150,1000,9150,5994.0,19321,70,1,1,1.0,1000,6,1,false,73
724,3035,9153,1000,9153,5994.0,19321,70,1,1,1.0,1000,6,1,false,73
724,3036,9156,1000,9156,5994.0,19321,70,1,1,1.0,1000,6,1,false,73
724,3037,9159,1000,9159,5994.0,19321,70,1,1,1.0,1000,6,1,false,73
724,3038,9162,1000,9162,5994.0,19321,70,1,1,1.0,1000,6,1,false,73
724,3039,9165,1000,9165,5994.0,19321,70,1,1,1.0,1000,6,1,false,73
724,3040,9168,1000,9168,5994.0,19321,70,1,1,1.0,1000,6,1,false,73
724,3041,9171,1000,9171,5994.0,19321,70,1,1,1.0,1000,6,1,false,73
724,3042,9174,1000,9174,5994.0,19321,70,1,1,1.0,1000,6,1,false,73
724,3043,9177,1000,9177,5994.0,19321,70,1,1,1.0,1000,6,1,false,73
724,3044,9180,1000,9180,5994.0,19321,70,1,1,1.0,1000,6,1,false,73
724,3045,9184,1000,9184,5994.0,19321,70,1,1,1.0,1000,7,1,false,73
724,3046,9187,1000,9187,5994.0,19321,70,1,1,1.0,1000,6,1,false,73
724,3047,9190,1000,9190,5994.0,19321,70,1,1,1.0,1000,6,1,false,73
724,3048,9193,1000,9193,5994.0,19321,70,1,1,1.0,1000,6,1,false,73
724,3049,9196,1000,9196,5994.0,19321,70,1,1,1.0,1000,6,1,false,73
724,3050,9199,1000,9199,5994.0,19321,70,1,1,1.0,1000,6,1,false,73
724,3051,9202,1000,9202,5994.0,19321,70,1,1,1.0,1000,6,1,false,73
724,3052,9205,1000,9205,5994.0,19321,70,1,1,1.0,1000,6,1,false,73
724,3053,9208,1000,9208,5994.0,19321,70,1,1,1.0,1000,6,1,false,73
724,3054,9211,1000,9211,5994.0,19321,70,1,1,1.0,1000,6,1,false,73
724,3055,9214,1000,9214,5994.0,19321,70,1,1,1.0,1000,6,1,false,73
724,3056,9217,1000,9217,5994.0,19321,70,1,1,1.0,1000,6,1,false,73
724,3057,9220,1000,9220,5994.0,19321,70,1,1,1.0,1000,6,1,false,73
724,3058,9223,1000,9223,5994.0,19321,70,1,1,1.0,1000,6,1,false,73
724,3059,9226,1000,9226,5994.0,19321,70,1,1,1.0,1000,6,1,false,73
724,3060,9229,1000,9229,5994.0,19321,70,1,1,1.0,1000,6,1,false,73
724,3061,9232,1000,9232,5994.0,19321,70,1,1,1.0,1000,6,1,false,73
724,3062,9235,1000,9235,5994.0,19321,70,1,1,1.0,1000,6,1,false,73
724,3063,9238,1000,9238,5994.0,19321,70,1,1,1.0,1000,6,1,false,73
724,3064,9242,1000,9242,5994.0,19321,70,1,1,1.0,1000,7,1,false,73
724,3065,9245,1000,9245,5994.0,19321,70,1,1,1.0,1000,6,1,false,73
724,3066,9248,1000,9248,5994.0,19321,70,1,1,1.0,1000,6,1,false,73
724,3067,9251,1000,9251,5994.0,19321,70,1,1,1.0,1000,6,1,false,73
724,3068,9254,1000,9254,5994.0,19321,70,1,1,1.0,1000,6,1,false,73
724,3069,9257,1000,9257,5994.0,19321,70,1,1,1.0,1000,6,1,false,73
724,3070,9260,1000,9260,5994.0,19321,70,1,1,1.0,1000,6,1,false,73
724,3071,9263,1000,9263,5994.0,19321,70,1,1,1.0,1000,6,1,false,73
724,3072,9266,1000,9266,5994.0,19321,70,1,1,1.0,1000,6,1,false,73
724,3073,9269,1000,9269,5994.0,19321,70,1,1,1.0,1000,6,1,false,73
724,3074,9272,1000,9272,5994.0,19321,70,1,1,1.0,1000,6,1,false,73
724,3075,9275,1000,9275,5994.0,19321,70,1,1,1.0,1000,6,1,false,73
724,3076,9278,1000,9278,5994.0,19321,70,1,1,1.0,1000,6,1,false,73
724,3077,9281,1000,9281,5994.0,19321,70,1,1,1.0,1000,6,1,false,73
724,3078,9284,1000,9284,5994.0,19321,70,1,1,1.0,1000,6,1,false,73
724,3079,9287,1000,9287,5994.0,19321,70,1,1,1.0,1000,6,1,false,73
724,3080,9290,1000,9290,5994.0,19321,70,1,1,1.0,1000,6,1,false,73
724,3081,9293,1000,9293,5994.0,19321,70,1,1,1.0,1000,6,1,false,73
724,3082,9296,1000,9296,5994.0,19321,70,1,1,1.0,1000,6,1,false,73
724,3083,9299,1000,9299,5994.0,19321,70,1,1,1.0,1000,6,1,false,73
724,3084,9302,1000,9302,5994.0,19321,70,1,1,1.0,1000,6,1,false,73
724,3085,9305,1000,9305,5994.0,19321,70,1,1,1.0,1000,6,1,false,73
724,3086,9308,1000,9308,5994.0,19321,70,1,1,1.0,1000,6,1,false,73
724,3087,9311,1000,9311,5994.0,19321,70,1,1,1.0,1000,6,1,false,73
724,3088,9314,1000,9314,5994.0,19321,70,1,1,1.0,1000,6,1,false,73
724,3089,9317,1000,9317,5994.0,19321,70,1,1,1.0,1000,6,1,false,73
724,3090,9320,1000,9320,5994.0,19321,70,1,1,1.0,1000,6,1,false,73
724,3091,9323,1000,9323,5994.0,19321,70,1,1,1.0,1000,6,1,false,73
724,3092,9326,1000,9326,5994.0,19321,70,1,1,1.0,1000,6,1,false,73
724,3093,9329,1000,9329,5994.0,19321,70,1,1,1.0,1000,6,1,false,73
724,3094,9332,1000,9332,5994.0,19321,70,1,1,1.0,1000,6,1,false,73
724,3095,9335,1000,9335,5994.0,19321,70,1,1,1.0,1000,6,1,false,73
724,3096,9338,1000,9338,5994.0,19321,70,1,1,1.0,1000,6,1,false,73
724,3097,9341,1000,9341,5994.0,19321,70,1,1,1.0,1000,6,1,false,73
724,3098,9344,1000,9344,5994.0,19321,70,1,1,1.0,1000,6,1,false,73
724,3099,9347,1000,9347,5994.0,19321,70,1,1,1.0,1000,6,1,false,73
724,3100,9350,1000,9350,5994.0,19321,70,1,1,1.0,1000,6,1,false,73
724,3101,9353,1000,9353,5994.0,19321,70,1,1,1.0,1000,6,1,false,73
724,3102,9356,1000,9356,5994.0,19321,70,1,1,1.0,1000,6,1,false,73
724,3103,9359,1000,9359,5994.0,19321,70,1,1,1.0,1000,6,1,false,73
724,3104,9362,1000,9362,5994.0,19321,70,1,1,1.0,1000,6,1,false,73
724,3105,9364,1000,9364,5994.0,19321,70,1,1,1.0,1000,6,1,false,73
724,3106,9367,1000,9367,5994.0,19321,70,1,1,1.0,1000,6,1,false,73
724,3107,9369,1000,9369,5994.0,19321,70,1,1,1.0,1000,6,1,false,73
724,3108,9372,1000,9372,5994.0,19321,70,1,1,1.0,1000,6,1,false,73
724,3109,9375,1000,9375,5994.0,19321,70,1,1,1.0,1000,6,1,false,73
724,3110,9378,1000,9378,5994.0,19321,70,1,1,1.0,1000,6,1,false,73
724,3111,9381,1000,9381,5994.0,19321,70,1,1,1.0,1000,6,1,false,73
724,3112,9384,1000,9384,5994.0,19321,70,1,1,1.0,1000,6,1,false,73
724,3113,9387,1000,9387,5994.0,19321,70,1,1,1.0,1000,6,1,false,73
724,3114,9390,1000,9390,5994.0,19321,70,1,1,1.0,1000,6,1,false,73
724,3115,9393,1000,9393,5994.0,19321,70,1,1,1.0,1000,6,1,false,73
724,3116,9396,1000,9396,5994.0,19321,70,1,1,1.0,1000,6,1,false,73
724,3117,9399,1000,9399,5994.0,19321,70,1,1,1.0,1000,6,1,false,73
724,3118,9402,1000,9402,5994.0,19321,70,1,1,1.0,1000,6,1,false,73
724,3119,9405,1000,9405,5994.0,19321,70,1,1,1.0,1000,6,1,false,73
724,3120,9408,1000,9408,5994.0,19321,70,1,1,1.0,1000,6,1,false,73
724,3121,9411,1000,9411,5994.0,19321,70,1,1,1.0,1000,6,1,false,73
724,3122,9414,1000,9414,5994.0,19321,70,1,1,1.0,1000,6,1,false,73
724,3123,9417,1000,9417,5994.0,19321,70,1,1,1.0,1000,6,1,false,73
724,3124,9420,1000,9420,5994.0,19321,70,1,1,1.0,1000,6,1,false,73
724,3125,9423,1000,9423,5994.0,19321,70,1,1,1.0,1000,6,1,false,73
724,3126,9426,1000,9426,5994.0,19321,70,1,1,1.0,1000,6,1,false,73
724,3127,9429,1000,9429,5994.0,19321,70,1,1,1.0,1000,6,1,false,73
724,3128,9432,1000,9432,5994.0,19321,70,1,1,1.0,1000,6,1,false,73
724,3129,9436,1000,9436,5994.0,19321,70,1,1,1.0,1000,7,1,false,73
724,3130,9439,1000,9439,5994.0,19321,70,1,1,1.0,1000,6,1,false,73
724,3131,9442,1000,9442,5994.0,19321,70,1,1,1.0,1000,6,1,false,73
724,3132,9445,1000,9445,5994.0,19321,70,1,1,1.0,1000,6,1,false,73
724,3133,9448,1000,9448,5994.0,19321,70,1,1,1.0,1000,6,1,false,73
724,3134,9451,1000,9451,5994.0,19321,70,1,1,1.0,1000,6,1,false,73
724,3135,9454,1000,9454,5994.0,19321,70,1,1,1.0,1000,6,1,false,73
724,3136,9457,1000,9457,5994.0,19321,70,1,1,1.0,1000,6,1,false,73
724,3137,9460,1000,9460,5994.0,19321,70,1,1,1.0,1000,6,1,false,73
724,3138,9463,1000,9463,5994.0,19321,70,1,1,1.0,1000,6,1,false,73
724,3139,9466,1000,9466,5994.0,19321,70,1,1,1.0,1000,6,1,false,73
724,3140,9469,1000,9469,5994.0,19321,70,1,1,1.0,1000,6,1,false,73
724,3141,9472,1000,9472,5994.0,19321,70,1,1,1.0,1000,6,1,false,73
724,3142,9475,1000,9475,5994.0,19321,70,1,1,1.0,1000,6,1,false,73
724,3143,9478,1000,9478,5994.0,19321,70,1,1,1.0,1000,6,1,false,73
724,3144,9481,1000,9481,5994.0,19321,70,1,1,1.0,1000,6,1,false,73
724,3145,9484,1000,9484,5994.0,19321,70,1,1,1.0,1000,6,1,false,73
724,3146,9487,1000,9487,5994.0,19321,70,1,1,1.0,1000,6,1,false,73
724,3147,9490,1000,9490,5994.0,19321,70,1,1,1.0,1000,6,1,false,73
724,3148,9493,1000,9493,5994.0,19321,70,1,1,1.0,1000,6,1,false,73
724,3149,9496,1000,9496,5994.0,19321,70,1,1,1.0,1000,6,1,false,73
724,3150,9499,1000,9499,5994.0,19321,70,1,1,1.0,1000,6,1,false,73
724,3151,9502,1000,9502,5994.0,19321,70,1,1,1.0,1000,6,1,false,73
724,3152,9505,1000,9505,5994.0,19321,70,1,1,1.0,1000,6,1,false,73
724,3153,9508,1000,9508,5994.0,19321,70,1,1,1.0,1000,6,1,false,73
724,3154,9511,1000,9511,5994.0,19321,70,1,1,1.0,1000,6,1,false,73
724,3155,9514,1000,9514,5994.0,19321,70,1,1,1.0,1000,6,1,false,73
724,3156,9517,1000,9517,5994.0,19321,70,1,1,1.0,1000,6,1,false,73
724,3157,9520,1000,9520,5994.0,19321,70,1,1,1.0,1000,6,1,false,73
724,3158,9523,1000,9523,5994.0,19321,70,1,1,1.0,1000,6,1,false,73
724,3159,9526,1000,9526,5994.0,19321,70,1,1,1.0,1000,6,1,false,73
724,3160,9529,1000,9529,5994.0,19321,70,1,1,1.0,1000,6,1,false,73
724,3161,9532,1000,9532,5994.0,19321,70,1,1,1.0,1000,6,1,false,73
724,3162,9535,1000,9535,5994.0,19321,70,1,1,1.0,1000,6,1,false,73
724,3163,9538,1000,9538,5994.0,19321,70,1,1,1.0,1000,6,1,false,73
724,3164,9541,1000,9541,5994.0,19321,70,1,1,1.0,1000,6,1,false,73
724,3165,9544,1000,9544,5994.0,19321,70,1,1,1.0,1000,6,1,false,73
724,3166,9547,1000,9547,5994.0,19321,70,1,1,1.0,1000,6,1,false,73
724,3167,9550,1000,9550,5994.0,19321,70,1,1,1.0,1000,6,1,false,73
724,3168,9553,1000,9553,5994.0,19321,70,1,1,1.0,1000,6,1,false,73
724,3169,9556,1000,9556,5994.0,19321,70,1,1,1.0,1000,6,1,false,73
724,3170,9559,1000,9559,5994.0,19321,70,1,1,1.0,1000,6,1,false,73
724,3171,9562,1000,9562,5994.0,19321,70,1,1,1.0,1000,6,1,false,73
724,3172,9565,1000,9565,5994.0,19321,70,1,1,1.0,1000,6,1,false,73
724,3173,9568,1000,9568,5994.0,19321,70,1,1,1.0,1000,6,1,false,73
724,3174,9571,1000,9571,5994.0,19321,70,1,1,1.0,1000,6,1,false,73
724,3175,9574,1000,9574,5994.0,19321,70,1,1,1.0,1000,6,1,false,73
724,3176,9577,1000,9577,5994.0,19321,70,1,1,1.0,1000,6,1,false,73
724,3177,9580,1000,9580,5994.0,19321,70,1,1,1.0,1000,6,1,false,73
724,3178,9583,1000,9583,5994.0,19321,70,1,1,1.0,1000,6,1,false,73
724,3179,9587,1000,9587,5994.0,19321,70,1,1,1.0,1000,7,1,false,73
724,3180,9590,1000,9590,5994.0,19321,70,1,1,1.0,1000,6,1,false,73
724,3181,9593,1000,9593,5994.0,19321,70,1,1,1.0,1000,6,1,false,73
724,3182,9596,1000,9596,5994.0,19321,70,1,1,1.0,1000,6,1,false,73
724,3183,9599,1000,9599,5994.0,19321,70,1,1,1.0,1000,6,1,false,73
724,3184,9602,1000,9602,5994.0,19321,70,1,1,1.0,1000,6,1,false,73
724,3185,9605,1000,9605,5994.0,19321,70,1,1,1.0,1000,6,1,false,73
724,3186,9608,1000,9608,5994.0,19321,70,1,1,1.0,1000,6,1,false,73
724,3187,9611,1000,9611,5994.0,19321,70,1,1,1.0,1000,6,1,false,73
724,3188,9614,1000,9614,5994.0,19321,70,1,1,1.0,1000,6,1,false,73
724,3189,9617,1000,9617,5994.0,19321,70,1,1,1.0,1000,6,1,false,73
724,3190,9620,1000,9620,5994.0,19321,70,1,1,1.0,1000,6,1,false,73
724,3191,9623,1000,9623,5994.0,19321,70,1,1,1.0,1000,6,1,false,73
724,3192,9626,1000,9626,5994.0,19321,70,1,1,1.0,1000,6,1,false,73
724,3193,9629,1000,9629,5994.0,19321,70,1,1,1.0,1000,6,1,false,73
724,3194,9632,1000,9632,5994.0,19321,70,1,1,1.0,1000,6,1,false,73
724,3195,9635,1000,9635,5994.0,19321,70,1,1,1.0,1000,6,1,false,73
724,3196,9638,1000,9638,5994.0,19321,70,1,1,1.0,1000,6,1,false,73
724,3197,9641,1000,9641,5994.0,19321,70,1,1,1.0,1000,6,1,false,73
724,3198,9644,1000,9644,5994.0,19321,70,1,1,1.0,1000,6,1,false,73
724,3199,9647,1000,9647,5994.0,19321,70,1,1,1.0,1000,6,1,false,73
724,3200,9650,1000,9650,5994.0,19321,70,1,1,1.0,1000,6,1,false,73
724,3201,9653,1000,9653,5994.0,19321,70,1,1,1.0,1000,6,1,false,73
724,3202,9656,1000,9656,5994.0,19321,70,1,1,1.0,1000,6,1,false,73
724,3203,9659,1000,9659,5994.0,19321,70,1,1,1.0,1000,6,1,false,73
724,3204,9662,1000,9662,5994.0,19321,70,1,1,1.0,1000,6,1,false,73
724,3205,9665,1000,9665,5994.0,19321,70,1,1,1.0,1000,6,1,false,73
724,3206,9668,1000,9668,5994.0,19321,70,1,1,1.0,1000,6,1,false,73
724,3207,9671,1000,9671,5994.0,19321,70,1,1,1.0,1000,6,1,false,73
724,3208,9675,1000,9675,5994.0,19321,70,1,1,1.0,1000,7,1,false,73
724,3209,9678,1000,9678,5994.0,19321,70,1,1,1.0,1000,6,1,false,73
724,3210,9681,1000,9681,5994.0,19321,70,1,1,1.0,1000,6,1,false,73
724,3211,9684,1000,9684,5994.0,19321,70,1,1,1.0,1000,6,1,false,73
724,3212,9687,1000,9687,5994.0,19321,70,1,1,1.0,1000,6,1,false,73
724,3213,9690,1000,9690,5994.0,19321,70,1,1,1.0,1000,6,1,false,73
724,3214,9693,1000,9693,5994.0,19321,70,1,1,1.0,1000,6,1,false,73
724,3215,9696,1000,9696,5994.0,19321,70,1,1,1.0,1000,6,1,false,73
724,3216,9699,1000,9699,5994.0,19321,70,1,1,1.0,1000,6,1,false,73
724,3217,9702,1000,9702,5994.0,19321,70,1,1,1.0,1000,6,1,false,73
724,3218,9705,1000,9705,5994.0,19321,70,1,1,1.0,1000,6,1,false,73
724,3219,9708,1000,9708,5994.0,19321,70,1,1,1.0,1000,6,1,false,73
724,3220,9711,1000,9711,5994.0,19321,70,1,1,1.0,1000,6,1,false,73
724,3221,9714,1000,9714,5994.0,19321,70,1,1,1.0,1000,6,1,false,73
724,3222,9717,1000,9717,5994.0,19321,70,1,1,1.0,1000,6,1,false,73
724,3223,9720,1000,9720,5994.0,19321,70,1,1,1.0,1000,6,1,false,73
724,3224,9723,1000,9723,5994.0,19321,70,1,1,1.0,1000,6,1,false,73
724,3225,9726,1000,9726,5994.0,19321,70,1,1,1.0,1000,6,1,false,73
724,3226,9729,1000,9729,5994.0,19321,70,1,1,1.0,1000,6,1,false,73
724,3227,9732,1000,9732,5994.0,19321,70,1,1,1.0,1000,6,1,false,73
724,3228,9735,1000,9735,5994.0,19321,70,1,1,1.0,1000,6,1,false,73
724,3229,9738,1000,9738,5994.0,19321,70,1,1,1.0,1000,6,1,false,73
724,3230,9741,1000,9741,5994.0,19321,70,1,1,1.0,1000,6,1,false,73
724,3231,9744,1000,9744,5994.0,19321,70,1,1,1.0,1000,6,1,false,73
724,3232,9747,1000,9747,5994.0,19321,70,1,1,1.0,1000,6,1,false,73
724,3233,9750,1000,9750,5994.0,19321,70,1,1,1.0,1000,6,1,false,73
724,3234,9753,1000,9753,5994.0,19321,70,1,1,1.0,1000,6,1,false,73
724,3235,9756,1000,9756,5994.0,19321,70,1,1,1.0,1000,6,1,false,73
724,3236,9759,1000,9759,5994.0,19321,70,1,1,1.0,1000,6,1,false,73
724,3237,9762,1000,9762,5994.0,19321,70,1,1,1.0,1000,6,1,false,73
724,3238,9765,1000,9765,5994.0,19321,70,1,1,1.0,1000,6,1,false,73
724,3239,9768,1000,9768,5994.0,19321,70,1,1,1.0,1000,6,1,false,73
724,3240,9771,1000,9771,5994.0,19321,70,1,1,1.0,1000,6,1,false,73
724,3241,9774,1000,9774,5994.0,19321,70,1,1,1.0,1000,6,1,false,73
724,3242,9777,1000,9777,5994.0,19321,70,1,1,1.0,1000,6,1,false,73
724,3243,9780,1000,9780,5994.0,19321,70,1,1,1.0,1000,6,1,false,73
724,3244,9783,1000,9783,5994.0,19321,70,1,1,1.0,1000,6,1,false,73
724,3245,9786,1000,9786,5994.0,19321,70,1,1,1.0,1000,7,1,false,73
724,3246,9789,1000,9789,5994.0,19321,70,1,1,1.0,1000,6,1,false,73
724,3247,9792,1000,9792,5994.0,19321,70,1,1,1.0,1000,6,1,false,73
724,3248,9795,1000,9795,5994.0,19321,70,1,1,1.0,1000,6,1,false,73
724,3249,9798,1000,9798,5994.0,19321,70,1,1,1.0,1000,6,1,false,73
724,3250,9801,1000,9801,5994.0,19321,70,1,1,1.0,1000,6,1,false,73
724,3251,9804,1000,9804,5994.0,19321,70,1,1,1.0,1000,6,1,false,73
724,3252,9808,1000,9808,5994.0,19321,70,1,1,1.0,1000,7,1,false,73
724,3253,9811,1000,9811,5994.0,19321,70,1,1,1.0,1000,6,1,false,73
724,3254,9814,1000,9814,5994.0,19321,70,1,1,1.0,1000,6,1,false,73
724,3255,9817,1000,9817,5994.0,19321,70,1,1,1.0,1000,6,1,false,73
724,3256,9820,1000,9820,5994.0,19321,70,1,1,1.0,1000,6,1,false,73
724,3257,9823,1000,9823,5994.0,19321,70,1,1,1.0,1000,6,1,false,73
724,3258,9826,1000,9826,5994.0,19321,70,1,1,1.0,1000,6,1,false,73
724,3259,9829,1000,9829,5994.0,19321,70,1,1,1.0,1000,6,1,false,73
724,3260,9832,1000,9832,5994.0,19321,70,1,1,1.0,1000,6,1,false,73
724,3261,9835,1000,9835,5994.0,19321,70,1,1,1.0,1000,6,1,false,73
724,3262,9838,1000,9838,5994.0,19321,70,1,1,1.0,1000,6,1,false,73
724,3263,9841,1000,9841,5994.0,19321,70,1,1,1.0,1000,6,1,false,73
724,3264,9844,1000,9844,5994.0,19321,70,1,1,1.0,1000,6,1,false,73
724,3265,9847,1000,9847,5994.0,19321,70,1,1,1.0,1000,6,1,false,73
724,3266,9850,1000,9850,5994.0,19321,70,1,1,1.0,1000,6,1,false,73
724,3267,9853,1000,9853,5994.0,19321,70,1,1,1.0,1000,6,1,false,73
724,3268,9856,1000,9856,5994.0,19321,70,1,1,1.0,1000,6,1,false,73
724,3269,9859,1000,9859,5994.0,19321,70,1,1,1.0,1000,6,1,false,73
724,3270,9862,1000,9862,5994.0,19321,70,1,1,1.0,1000,6,1,false,73
724,3271,9865,1000,9865,5994.0,19321,70,1,1,1.0,1000,6,1,false,73
724,3272,9868,1000,9868,5994.0,19321,70,1,1,1.0,1000,6,1,false,73
724,3273,9871,1000,9871,5994.0,19321,70,1,1,1.0,1000,6,1,false,73
724,3274,9874,1000,9874,5994.0,19321,70,1,1,1.0,1000,6,1,false,73
724,3275,9878,1000,9878,5994.0,19321,70,1,1,1.0,1000,7,1,false,73
724,3276,9881,1000,9881,5994.0,19321,70,1,1,1.0,1000,6,1,false,73
724,3277,9884,1000,9884,5994.0,19321,70,1,1,1.0,1000,6,1,false,73
724,3278,9887,1000,9887,5994.0,19321,70,1,1,1.0,1000,6,1,false,73
724,3279,9890,1000,9890,5994.0,19321,70,1,1,1.0,1000,6,1,false,73
724,3280,9893,1000,9893,5994.0,19321,70,1,1,1.0,1000,6,1,false,73
724,3281,9896,1000,9896,5994.0,19321,70,1,1,1.0,1000,6,1,false,73
724,3282,9899,1000,9899,5994.0,19321,70,1,1,1.0,1000,6,1,false,73
724,3283,9902,1000,9902,5994.0,19321,70,1,1,1.0,1000,6,1,false,73
724,3284,9905,1000,9905,5994.0,19321,70,1,1,1.0,1000,6,1,false,73
724,3285,9908,1000,9908,5994.0,19321,70,1,1,1.0,1000,6,1,false,73
724,3286,9911,1000,9911,5994.0,19321,70,1,1,1.0,1000,6,1,false,73
724,3287,9914,1000,9914,5994.0,19321,70,1,1,1.0,1000,6,1,false,73
724,3288,9917,1000,9917,5994.0,19321,70,1,1,1.0,1000,6,1,false,73
724,3289,9920,1000,9920,5994.0,19321,70,1,1,1.0,1000,6,1,false,73
724,3290,9923,1000,9923,5994.0,19321,70,1,1,1.0,1000,6,1,false,73
724,3291,9926,1000,9926,5994.0,19321,70,1,1,1.0,1000,6,1,false,73
724,3292,9929,1000,9929,5994.0,19321,70,1,1,1.0,1000,6,1,false,73
724,3293,9932,1000,9932,5994.0,19321,70,1,1,1.0,1000,6,1,false,73
724,3294,9935,1000,9935,5994.0,19321,70,1,1,1.0,1000,6,1,false,73
724,3295,9938,1000,9938,5994.0,19321,70,1,1,1.0,1000,6,1,false,73
724,3296,9941,1000,9941,5994.0,19321,70,1,1,1.0,1000,6,1,false,73
724,3297,9944,1000,9944,5994.0,19321,70,1,1,1.0,1000,6,1,false,73
724,3298,9947,1000,9947,5994.0,19321,70,1,1,1.0,1000,6,1,false,73
724,3299,9950,1000,9950,5994.0,19321,70,1,1,1.0,1000,6,1,false,73
724,3300,9953,1000,9953,5994.0,19321,70,1,1,1.0,1000,6,1,false,73
724,3301,9956,1000,9956,5994.0,19321,70,1,1,1.0,1000,6,1,false,73
724,3302,9959,1000,9959,5994.0,19321,70,1,1,1.0,1000,6,1,false,73
724,3303,9961,1000,9961,5994.0,19321,70,1,1,1.0,1000,6,1,false,73
724,3304,9964,1000,9964,5994.0,19321,70,1,1,1.0,1000,6,1,false,73
724,3305,9967,1000,9967,5994.0,19321,70,1,1,1.0,1000,6,1,false,73
724,3306,9970,1000,9970,5994.0,19321,70,1,1,1.0,1000,6,1,false,73
724,3307,9973,1000,9973,5994.0,19321,70,1,1,1.0,1000,6,1,false,73
724,3308,9976,1000,9976,5994.0,19321,70,1,1,1.0,1000,6,1,false,73
724,3309,9979,1000,9979,5994.0,19321,70,1,1,1.0,1000,6,1,false,73
724,3310,9982,1000,9982,5994.0,19321,70,1,1,1.0,1000,6,1,false,73
724,3311,9985,1000,9985,5994.0,19321,70,1,1,1.0,1000,6,1,false,73
724,3312,9988,1000,9988,5994.0,19321,70,1,1,1.0,1000,6,1,false,73
724,3313,9991,1000,9991,5994.0,19321,70,1,1,1.0,1000,6,1,false,73
724,3314,9994,1000,9994,5994.0,19321,70,1,1,1.0,1000,6,1,false,73
724,3315,9997,1000,9997,5994.0,19321,70,1,1,1.0,1000,6,1,false,73
724,3316,10000,1000,10000,5994.0,19321,70,1,1,1.0,1000,6,1,false,73
724,3317,10003,1000,10003,5994.0,19321,70,1,1,1.0,1000,6,1,false,73
724,3318,10006,1000,10006,5994.0,19321,70,1,1,1.0,1000,6,1,false,73
724,3319,10009,1000,10009,5994.0,19321,70,1,1,1.0,1000,6,1,false,73
724,3320,10012,1000,10012,5994.0,19321,70,1,1,1.0,1000,6,1,false,73
724,3321,10015,1000,10015,5994.0,19321,70,1,1,1.0,1000,6,1,false,73
724,3322,10018,1000,10018,5994.0,19321,70,1,1,1.0,1000,6,1,false,73
724,3323,10021,1000,10021,5994.0,19321,70,1,1,1.0,1000,6,1,false,73
724,3324,10024,1000,10024,5994.0,19321,70,1,1,1.0,1000,6,1,false,73
724,3325,10027,1000,10027,5994.0,19321,70,1,1,1.0,1000,6,1,false,73
724,3326,10030,1000,10030,5994.0,19321,70,1,1,1.0,1000,6,1,false,73
724,3327,10033,1000,10033,5994.0,19321,70,1,1,1.0,1000,6,1,false,73
724,3328,10036,1000,10036,5994.0,19321,70,1,1,1.0,1000,6,1,false,73
724,3329,10039,1000,10039,5994.0,19321,70,1,1,1.0,1000,6,1,false,73
724,3330,10042,1000,10042,5994.0,19321,70,1,1,1.0,1000,6,1,false,73
724,3331,10045,1000,10045,5994.0,19321,70,1,1,1.0,1000,6,1,false,73
724,3332,10048,1000,10048,5994.0,19321,70,1,1,1.0,1000,6,1,false,73
724,3333,10052,1000,10052,5994.0,19321,70,1,1,1.0,1000,7,1,false,73
724,3334,10055,1000,10055,5994.0,19321,70,1,1,1.0,1000,6,1,false,73
724,3335,10058,1000,10058,5994.0,19321,70,1,1,1.0,1000,6,1,false,73
724,3336,10061,1000,10061,5994.0,19321,70,1,1,1.0,1000,6,1,false,73
724,3337,10064,1000,10064,5994.0,19321,70,1,1,1.0,1000,6,1,false,73
724,3338,10067,1000,10067,5994.0,19321,70,1,1,1.0,1000,6,1,false,73
724,3339,10070,1000,10070,5994.0,19321,70,1,1,1.0,1000,6,1,false,73
724,3340,10073,1000,10073,5994.0,19321,70,1,1,1.0,1000,6,1,false,73
724,3341,10075,1000,10075,5994.0,19321,70,1,1,1.0,1000,6,1,false,73
724,3342,10078,1000,10078,5994.0,19321,70,1,1,1.0,1000,6,1,false,73
724,3343,10081,1000,10081,5994.0,19321,70,1,1,1.0,1000,6,1,false,73
724,3344,10084,1000,10084,5994.0,19321,70,1,1,1.0,1000,6,1,false,73
724,3345,10087,1000,10087,5994.0,19321,70,1,1,1.0,1000,6,1,false,73
724,3346,10090,1000,10090,5994.0,19321,70,1,1,1.0,1000,6,1,false,73
724,3348,10096,1000,10096,5994.0,19321,70,1,1,1.0,1000,6,1,false,73
724,3348,10096,1000,10096,5994.0,19321,70,1,1,1.0,1000,6,1,false,73
724,3349,10099,1000,10099,5994.0,19321,70,1,1,1.0,1000,6,1,false,73
724,3350,10102,1000,10102,5994.0,19321,70,1,1,1.0,1000,6,1,false,73
724,3351,10105,1000,10105,5994.0,19321,70,1,1,1.0,1000,6,1,false,73
724,3352,10108,1000,10108,5994.0,19321,70,1,1,1.0,1000,6,1,false,73
724,3353,10111,1000,10111,5994.0,19321,70,1,1,1.0,1000,6,1,false,73
724,3354,10114,1000,10114,5994.0,19321,70,1,1,1.0,1000,6,1,false,73
724,3355,10117,1000,10117,5994.0,19321,70,1,1,1.0,1000,6,1,false,73
724,3356,10120,1000,10120,5994.0,19321,70,1,1,1.0,1000,6,1,false,73
724,3357,10123,1000,10123,5994.0,19321,70,1,1,1.0,1000,6,1,false,73
724,3358,10126,1000,10126,5994.0,19321,70,1,1,1.0,1000,6,1,false,73
724,3359,10129,1000,10129,5994.0,19321,70,1,1,1.0,1000,6,1,false,73
724,3360,10132,1000,10132,5994.0,19321,70,1,1,1.0,1000,6,1,false,73
724,3361,10135,1000,10135,5994.0,19321,70,1,1,1.0,1000,6,1,false,73
724,3362,10138,1000,10138,5994.0,19321,70,1,1,1.0,1000,6,1,false,73
724,3363,10141,1000,10141,5994.0,19321,70,1,1,1.0,1000,6,1,false,73
724,3364,10144,1000,10144,5994.0,19321,70,1,1,1.0,1000,6,1,false,73
724,3365,10147,1000,10147,5994.0,19321,70,1,1,1.0,1000,6,1,false,73
724,3366,10150,1000,10150,5994.0,19321,70,1,1,1.0,1000,6,1,false,73
724,3367,10153,1000,10153,5994.0,19321,70,1,1,1.0,1000,6,1,false,73
724,3368,10156,1000,10156,5994.0,19321,70,1,1,1.0,1000,6,1,false,73
724,3369,10159,1000,10159,5994.0,19321,70,1,1,1.0,1000,6,1,false,73
724,3370,10162,1000,10162,5994.0,19321,70,1,1,1.0,1000,6,1,false,73
724,3371,10165,1000,10165,5994.0,19321,70,1,1,1.0,1000,6,1,false,73
724,3372,10168,1000,10168,5994.0,19321,70,1,1,1.0,1000,6,1,false,73
724,3373,10171,1000,10171,5994.0,19321,70,1,1,1.0,1000,6,1,false,73
724,3374,10174,1000,10174,5994.0,19321,70,1,1,1.0,1000,6,1,false,73
724,3375,10177,1000,10177,5994.0,19321,70,1,1,1.0,1000,6,1,false,73
724,3376,10180,1000,10180,5994.0,19321,70,1,1,1.0,1000,6,1,false,73
724,3377,10183,1000,10183,5994.0,19321,70,1,1,1.0,1000,6,1,false,73
724,3378,10187,1000,10187,5994.0,19321,70,1,1,1.0,1000,7,1,false,73
724,3379,10190,1000,10190,5994.0,19321,70,1,1,1.0,1000,6,1,false,73
724,3380,10193,1000,10193,5994.0,19321,70,1,1,1.0,1000,6,1,false,73
724,3381,10196,1000,10196,5994.0,19321,70,1,1,1.0,1000,6,1,false,73
724,3382,10199,1000,10199,5994.0,19321,70,1,1,1.0,1000,6,1,false,73
724,3383,10202,1000,10202,5994.0,19321,70,1,1,1.0,1000,6,1,false,73
724,3384,10205,1000,10205,5994.0,19321,70,1,1,1.0,1000,6,1,false,73
724,3385,10208,1000,10208,5994.0,19321,70,1,1,1.0,1000,6,1,false,73
724,3386,10211,1000,10211,5994.0,19321,70,1,1,1.0,1000,6,1,false,73
724,3387,10214,1000,10214,5994.0,19321,70,1,1,1.0,1000,6,1,false,73
724,3388,10217,1000,10217,5994.0,19321,70,1,1,1.0,1000,6,1,false,73
724,3389,10220,1000,10220,5994.0,19321,70,1,1,1.0,1000,6,1,false,73
724,3390,10223,1000,10223,5994.0,19321,70,1,1,1.0,1000,6,1,false,73
724,3391,10226,1000,10226,5994.0,19321,70,1,1,1.0,1000,6,1,false,73
724,3392,10229,1000,10229,5994.0,19321,70,1,1,1.0,1000,6,1,false,73
724,3393,10232,1000,10232,5994.0,19321,70,1,1,1.0,1000,6,1,false,73
724,3394,10235,1000,10235,5994.0,19321,70,1,1,1.0,1000,6,1,false,73
724,3395,10238,1000,10238,5994.0,19321,70,1,1,1.0,1000,6,1,false,73
724,3396,10241,1000,10241,5994.0,19321,70,1,1,1.0,1000,6,1,false,73
724,3397,10244,1000,10244,5994.0,19321,70,1,1,1.0,1000,6,1,false,73
724,3398,10247,1000,10247,5994.0,19321,70,1,1,1.0,1000,6,1,false,73
724,3399,10250,1000,10250,5994.0,19321,70,1,1,1.0,1000,6,1,false,73
724,3400,10253,1000,10253,5994.0,19321,70,1,1,1.0,1000,6,1,false,73
724,3401,10256,1000,10256,5994.0,19321,70,1,1,1.0,1000,6,1,false,73
724,3402,10259,1000,10259,5994.0,19321,70,1,1,1.0,1000,6,1,false,73
724,3403,10262,1000,10262,5994.0,19321,70,1,1,1.0,1000,6,1,false,73
724,3404,10265,1000,10265,5994.0,19321,70,1,1,1.0,1000,6,1,false,73
724,3405,10268,1000,10268,5994.0,19321,70,1,1,1.0,1000,6,1,false,73
724,3406,10271,1000,10271,5994.0,19321,70,1,1,1.0,1000,6,1,false,73
724,3407,10274,1000,10274,5994.0,19321,70,1,1,1.0,1000,6,1,false,73
724,3408,10277,1000,10277,5994.0,19321,70,1,1,1.0,1000,6,1,false,73
724,3409,10280,1000,10280,5994.0,19321,70,1,1,1.0,1000,6,1,false,73
724,3410,10284,1000,10284,5994.0,19321,70,1,1,1.0,1000,7,1,false,73
724,3411,10287,1000,10287,5994.0,19321,70,1,1,1.0,1000,6,1,false,73
724,3412,10290,1000,10290,5994.0,19321,70,1,1,1.0,1000,6,1,false,73
724,3413,10293,1000,10293,5994.0,19321,70,1,1,1.0,1000,6,1,false,73
724,3414,10296,1000,10296,5994.0,19321,70,1,1,1.0,1000,6,1,false,73
724,3415,10299,1000,10299,5994.0,19321,70,1,1,1.0,1000,6,1,false,73
724,3416,10302,1000,10302,5994.0,19321,70,1,1,1.0,1000,6,1,false,73
724,3417,10305,1000,10305,5994.0,19321,70,1,1,1.0,1000,6,1,false,73
724,3418,10308,1000,10308,5994.0,19321,70,1,1,1.0,1000,6,1,false,73
724,3419,10311,1000,10311,5994.0,19321,70,1,1,1.0,1000,6,1,false,73
724,3420,10315,1000,10315,5994.0,19321,70,1,1,1.0,1000,6,1,false,73
724,3421,10318,1000,10318,5994.0,19321,70,1,1,1.0,1000,6,1,false,73
724,3422,10321,1000,10321,5994.0,19321,70,1,1,1.0,1000,6,1,false,73
724,3423,10324,1000,10324,5994.0,19321,70,1,1,1.0,1000,6,1,false,73
724,3424,10327,1000,10327,5994.0,19321,70,1,1,1.0,1000,6,1,false,73
724,3425,10330,1000,10330,5994.0,19321,70,1,1,1.0,1000,6,1,false,73
724,3426,10333,1000,10333,5994.0,19321,70,1,1,1.0,1000,6,1,false,73
724,3427,10336,1000,10336,5994.0,19321,70,1,1,1.0,1000,6,1,false,73
724,3428,10339,1000,10339,5994.0,19321,70,1,1,1.0,1000,6,1,false,73
724,3429,10342,1000,10342,5994.0,19321,70,1,1,1.0,1000,6,1,false,73
724,3430,10345,1000,10345,5994.0,19321,70,1,1,1.0,1000,6,1,false,73
724,3431,10348,1000,10348,5994.0,19321,70,1,1,1.0,1000,6,1,false,73
724,3432,10351,1000,10351,5994.0,19321,70,1,1,1.0,1000,6,1,false,73
724,3433,10354,1000,10354,5994.0,19321,70,1,1,1.0,1000,6,1,false,73
724,3434,10357,1000,10357,5994.0,19321,70,1,1,1.0,1000,6,1,false,73
724,3435,10360,1000,10360,5994.0,19321,70,1,1,1.0,1000,6,1,false,73
724,3436,10363,1000,10363,5994.0,19321,70,1,1,1.0,1000,6,1,false,73
724,3437,10366,1000,10366,5994.0,19321,70,1,1,1.0,1000,6,1,false,73
724,3438,10369,1000,10369,5994.0,19321,70,1,1,1.0,1000,6,1,false,73
724,3439,10372,1000,10372,5994.0,19321,70,1,1,1.0,1000,6,1,false,73
724,3440,10375,1000,10375,5994.0,19321,70,1,1,1.0,1000,6,1,false,73
724,3441,10378,1000,10378,5994.0,19321,70,1,1,1.0,1000,6,1,false,73
724,3442,10381,1000,10381,5994.0,19321,70,1,1,1.0,1000,6,1,false,73
724,3443,10384,1000,10384,5994.0,19321,70,1,1,1.0,1000,6,1,false,73
724,3444,10387,1000,10387,5994.0,19321,70,1,1,1.0,1000,6,1,false,73
724,3445,10390,1000,10390,5994.0,19321,70,1,1,1.0,1000,6,1,false,73
724,3446,10393,1000,10393,5994.0,19321,70,1,1,1.0,1000,6,1,false,73
724,3447,10396,1000,10396,5994.0,19321,70,1,1,1.0,1000,6,1,false,73
724,3448,10399,1000,10399,5994.0,19321,70,1,1,1.0,1000,6,1,false,73
724,3449,10402,1000,10402,5994.0,19321,70,1,1,1.0,1000,6,1,false,73
724,3450,10405,1000,10405,5994.0,19321,70,1,1,1.0,1000,6,1,false,73
724,3451,10408,1000,10408,5994.0,19321,70,1,1,1.0,1000,6,1,false,73
724,3452,10411,1000,10411,5994.0,19321,70,1,1,1.0,1000,6,1,false,73
724,3453,10414,1000,10414,5994.0,19321,70,1,1,1.0,1000,6,1,false,73
724,3454,10417,1000,10417,5994.0,19321,70,1,1,1.0,1000,6,1,false,73
724,3455,10420,1000,10420,5994.0,19321,70,1,1,1.0,1000,6,1,false,73
724,3456,10423,1000,10423,5994.0,19321,70,1,1,1.0,1000,6,1,false,73
724,3457,10426,1000,10426,5994.0,19321,70,1,1,1.0,1000,6,1,false,73
724,3458,10429,1000,10429,5994.0,19321,70,1,1,1.0,1000,6,1,false,73
724,3459,10432,1000,10432,5994.0,19321,70,1,1,1.0,1000,6,1,false,73
724,3460,10435,1000,10435,5994.0,19321,70,1,1,1.0,1000,6,1,false,73
724,3461,10438,1000,10438,5994.0,19321,70,1,1,1.0,1000,6,1,false,73
724,3462,10441,1000,10441,5994.0,19321,70,1,1,1.0,1000,6,1,false,73
724,3463,10444,1000,10444,5994.0,19321,70,1,1,1.0,1000,6,1,false,73
724,3464,10447,1000,10447,5994.0,19321,70,1,1,1.0,1000,6,1,false,73
724,3465,10450,1000,10450,5994.0,19321,70,1,1,1.0,1000,6,1,false,73
724,3466,10453,1000,10453,5994.0,19321,70,1,1,1.0,1000,6,1,false,73
724,3467,10456,1000,10456,5994.0,19321,70,1,1,1.0,1000,6,1,false,73
724,3468,10459,1000,10459,5994.0,19321,70,1,1,1.0,1000,6,1,false,73
724,3469,10462,1000,10462,5994.0,19321,70,1,1,1.0,1000,6,1,false,73
724,3470,10465,1000,10465,5994.0,19321,70,1,1,1.0,1000,6,1,false,73
724,3471,10468,1000,10468,5994.0,19321,70,1,1,1.0,1000,6,1,false,73
724,3472,10471,1000,10471,5994.0,19321,70,1,1,1.0,1000,6,1,false,73
724,3473,10474,1000,10474,5994.0,19321,70,1,1,1.0,1000,6,1,false,73
724,3474,10477,1000,10477,5994.0,19321,70,1,1,1.0,1000,6,1,false,73
724,3475,10480,1000,10480,5994.0,19321,70,1,1,1.0,1000,6,1,false,73
724,3476,10483,1000,10483,5994.0,19321,70,1,1,1.0,1000,6,1,false,73
724,3477,10486,1000,10486,5994.0,19321,70,1,1,1.0,1000,6,1,false,73
724,3478,10489,1000,10489,5994.0,19321,70,1,1,1.0,1000,6,1,false,73
724,3479,10492,1000,10492,5994.0,19321,70,1,1,1.0,1000,6,1,false,73
724,3480,10495,1000,10495,5994.0,19321,70,1,1,1.0,1000,6,1,false,73
724,3481,10498,1000,10498,5994.0,19321,70,1,1,1.0,1000,6,1,false,73
724,3482,10501,1000,10501,5994.0,19321,70,1,1,1.0,1000,6,1,false,73
724,3483,10504,1000,10504,5994.0,19321,70,1,1,1.0,1000,6,1,false,73
724,3484,10507,1000,10507,5994.0,19321,70,1,1,1.0,1000,6,1,false,73
724,3485,10510,1000,10510,5994.0,19321,70,1,1,1.0,1000,6,1,false,73
724,3486,10513,1000,10513,5994.0,19321,70,1,1,1.0,1000,6,1,false,73
724,3487,10516,1000,10516,5994.0,19321,70,1,1,1.0,1000,6,1,false,73
724,3488,10519,1000,10519,5994.0,19321,70,1,1,1.0,1000,6,1,false,73
724,3489,10522,1000,10522,5994.0,19321,70,1,1,1.0,1000,6,1,false,73
724,3490,10525,1000,10525,5994.0,19321,70,1,1,1.0,1000,6,1,false,73
724,3491,10528,1000,10528,5994.0,19321,70,1,1,1.0,1000,6,1,false,73
724,3492,10531,1000,10531,5994.0,19321,70,1,1,1.0,1000,6,1,false,73
724,3493,10534,1000,10534,5994.0,19321,70,1,1,1.0,1000,6,1,false,73
724,3494,10537,1000,10537,5994.0,19321,70,1,1,1.0,1000,6,1,false,73
724,3495,10540,1000,10540,5994.0,19321,70,1,1,1.0,1000,6,1,false,73
724,3496,10543,1000,10543,5994.0,19321,70,1,1,1.0,1000,6,1,false,73
724,3497,10546,1000,10546,5994.0,19321,70,1,1,1.0,1000,6,1,false,73
724,3498,10549,1000,10549,5994.0,19321,70,1,1,1.0,1000,6,1,false,73
724,3499,10552,1000,10552,5994.0,19321,70,1,1,1.0,1000,6,1,false,73
724,3501,10558,1000,10558,5994.0,19321,70,1,1,1.0,1000,6,1,false,73
724,3501,10558,1000,10558,5994.0,19321,70,1,1,1.0,1000,6,1,false,73
724,3502,10560,1000,10560,5994.0,19321,70,1,1,1.0,1000,6,1,false,73
724,3503,10563,1000,10563,5994.0,19321,70,1,1,1.0,1000,6,1,false,73
724,3504,10566,1000,10566,5994.0,19321,70,1,1,1.0,1000,6,1,false,73
724,3505,10569,1000,10569,5994.0,19321,70,1,1,1.0,1000,7,1,false,73
724,3506,10572,1000,10572,5994.0,19321,70,1,1,1.0,1000,6,1,false,73
724,3507,10575,1000,10575,5994.0,19321,70,1,1,1.0,1000,6,1,false,73
724,3508,10578,1000,10578,5994.0,19321,70,1,1,1.0,1000,6,1,false,73
724,3509,10581,1000,10581,5994.0,19321,70,1,1,1.0,1000,6,1,false,73
724,3510,10584,1000,10584,5994.0,19321,70,1,1,1.0,1000,6,1,false,73
724,3511,10587,1000,10587,5994.0,19321,70,1,1,1.0,1000,6,1,false,73
724,3512,10590,1000,10590,5994.0,19321,70,1,1,1.0,1000,6,1,false,73
724,3513,10593,1000,10593,5994.0,19321,70,1,1,1.0,1000,6,1,false,73
724,3514,10596,1000,10596,5994.0,19321,70,1,1,1.0,1000,6,1,false,73
724,3515,10599,1000,10599,5994.0,19321,70,1,1,1.0,1000,6,1,false,73
724,3516,10602,1000,10602,5994.0,19321,70,1,1,1.0,1000,6,1,false,73
724,3517,10605,1000,10605,5994.0,19321,70,1,1,1.0,1000,6,1,false,73
724,3518,10608,1000,10608,5994.0,19321,70,1,1,1.0,1000,6,1,false,73
724,3519,10611,1000,10611,5994.0,19321,70,1,1,1.0,1000,6,1,false,73
724,3520,10614,1000,10614,5994.0,19321,70,1,1,1.0,1000,6,1,false,73
724,3521,10617,1000,10617,5994.0,19321,70,1,1,1.0,1000,6,1,false,73
724,3522,10620,1000,10620,5994.0,19321,70,1,1,1.0,1000,6,1,false,73
724,3523,10623,1000,10623,5994.0,19321,70,1,1,1.0,1000,6,1,false,73
724,3524,10626,1000,10626,5994.0,19321,70,1,1,1.0,1000,6,1,false,73
724,3525,10629,1000,10629,5994.0,19321,70,1,1,1.0,1000,6,1,false,73
724,3526,10632,1000,10632,5994.0,19321,70,1,1,1.0,1000,6,1,false,73
724,3527,10635,1000,10635,5994.0,19321,70,1,1,1.0,1000,6,1,false,73
724,3528,10638,1000,10638,5994.0,19321,70,1,1,1.0,1000,7,1,false,73
724,3529,10641,1000,10641,5994.0,19321,70,1,1,1.0,1000,6,1,false,73
724,3530,10644,1000,10644,5994.0,19321,70,1,1,1.0,1000,6,1,false,73
724,3531,10647,1000,10647,5994.0,19321,70,1,1,1.0,1000,6,1,false,73
724,3532,10651,1000,10651,5994.0,19321,70,1,1,1.0,1000,7,1,false,73
724,3533,10654,1000,10654,5994.0,19321,70,1,1,1.0,1000,6,1,false,73
724,3534,10657,1000,10657,5994.0,19321,70,1,1,1.0,1000,6,1,false,73
724,3535,10660,1000,10660,5994.0,19321,70,1,1,1.0,1000,6,1,false,73
724,3536,10663,1000,10663,5994.0,19321,70,1,1,1.0,1000,6,1,false,73
724,3537,10666,1000,10666,5994.0,19321,70,1,1,1.0,1000,6,1,false,73
724,3538,10669,1000,10669,5994.0,19321,70,1,1,1.0,1000,6,1,false,73
724,3539,10672,1000,10672,5994.0,19321,70,1,1,1.0,1000,6,1,false,73
724,3540,10675,1000,10675,5994.0,19321,70,1,1,1.0,1000,6,1,false,73
724,3541,10678,1000,10678,5994.0,19321,70,1,1,1.0,1000,6,1,false,73
724,3542,10681,1000,10681,5994.0,19321,70,1,1,1.0,1000,6,1,false,73
724,3543,10684,1000,10684,5994.0,19321,70,1,1,1.0,1000,6,1,false,73
724,3544,10687,1000,10687,5994.0,19321,70,1,1,1.0,1000,6,1,false,73
724,3545,10690,1000,10690,5994.0,19321,70,1,1,1.0,1000,6,1,false,73
724,3546,10693,1000,10693,5994.0,19321,70,1,1,1.0,1000,6,1,false,73
724,3547,10696,1000,10696,5994.0,19321,70,1,1,1.0,1000,6,1,false,73
724,3548,10699,1000,10699,5994.0,19321,70,1,1,1.0,1000,6,1,false,73
724,3549,10702,1000,10702,5994.0,19321,70,1,1,1.0,1000,6,1,false,73
724,3550,10705,1000,10705,5994.0,19321,70,1,1,1.0,1000,6,1,false,73
724,3551,10708,1000,10708,5994.0,19321,70,1,1,1.0,1000,6,1,false,73
724,3552,10711,1000,10711,5994.0,19321,70,1,1,1.0,1000,6,1,false,73
724,3553,10714,1000,10714,5994.0,19321,70,1,1,1.0,1000,6,1,false,73
724,3554,10718,1000,10718,5994.0,19321,70,1,1,1.0,1000,6,1,false,73
724,3555,10721,1000,10721,5994.0,19321,70,1,1,1.0,1000,6,1,false,73
724,3556,10724,1000,10724,5994.0,19321,70,1,1,1.0,1000,6,1,false,73
724,3557,10727,1000,10727,5994.0,19321,70,1,1,1.0,1000,6,1,false,73
724,3558,10730,1000,10730,5994.0,19321,70,1,1,1.0,1000,6,1,false,73
724,3559,10733,1000,10733,5994.0,19321,70,1,1,1.0,1000,6,1,false,73
724,3560,10736,1000,10736,5994.0,19321,70,1,1,1.0,1000,6,1,false,73
724,3561,10739,1000,10739,5994.0,19321,70,1,1,1.0,1000,6,1,false,73
724,3562,10742,1000,10742,5994.0,19321,70,1,1,1.0,1000,6,1,false,73
724,3563,10745,1000,10745,5994.0,19321,70,1,1,1.0,1000,6,1,false,73
724,3564,10748,1000,10748,5994.0,19321,70,1,1,1.0,1000,6,1,false,73
724,3565,10751,1000,10751,5994.0,19321,70,1,1,1.0,1000,6,1,false,73
724,3566,10754,1000,10754,5994.0,19321,70,1,1,1.0,1000,6,1,false,73
724,3567,10757,1000,10757,5994.0,19321,70,1,1,1.0,1000,6,1,false,73
724,3568,10760,1000,10760,5994.0,19321,70,1,1,1.0,1000,6,1,false,73
724,3569,10763,1000,10763,5994.0,19321,70,1,1,1.0,1000,6,1,false,73
724,3570,10766,1000,10766,5994.0,19321,70,1,1,1.0,1000,6,1,false,73
724,3571,10769,1000,10769,5994.0,19321,70,1,1,1.0,1000,6,1,false,73
724,3572,10772,1000,10772,5994.0,19321,70,1,1,1.0,1000,6,1,false,73
724,3573,10775,1000,10775,5994.0,19321,70,1,1,1.0,1000,6,1,false,73
724,3574,10778,1000,10778,5994.0,19321,70,1,1,1.0,1000,6,1,false,73
724,3575,10781,1000,10781,5994.0,19321,70,1,1,1.0,1000,6,1,false,73
724,3576,10784,1000,10784,5994.0,19321,70,1,1,1.0,1000,6,1,false,73
724,3577,10787,1000,10787,5994.0,19321,70,1,1,1.0,1000,6,1,false,73
724,3578,10790,1000,10790,5994.0,19321,70,1,1,1.0,1000,6,1,false,73
724,3579,10793,1000,10793,5994.0,19321,70,1,1,1.0,1000,6,1,false,73
724,3580,10796,1000,10796,5994.0,19321,70,1,1,1.0,1000,6,1,false,73
724,3581,10799,1000,10799,5994.0,19321,70,1,1,1.0,1000,6,1,false,73
724,3582,10803,1000,10803,5994.0,19321,70,1,1,1.0,1000,7,1,false,73
724,3583,10806,1000,10806,5994.0,19321,70,1,1,1.0,1000,6,1,false,73
724,3584,10809,1000,10809,5994.0,19321,70,1,1,1.0,1000,6,1,false,73
724,3585,10812,1000,10812,5994.0,19321,70,1,1,1.0,1000,6,1,false,73
724,3586,10815,1000,10815,5994.0,19321,70,1,1,1.0,1000,6,1,false,73
724,3587,10818,1000,10818,5994.0,19321,70,1,1,1.0,1000,6,1,false,73
724,3588,10821,1000,10821,5994.0,19321,70,1,1,1.0,1000,6,1,false,73
724,3589,10824,1000,10824,5994.0,19321,70,1,1,1.0,1000,6,1,false,73
724,3590,10827,1000,10827,5994.0,19321,70,1,1,1.0,1000,6,1,false,73
724,3591,10830,1000,10830,5994.0,19321,70,1,1,1.0,1000,6,1,false,73
724,3592,10833,1000,10833,5994.0,19321,70,1,1,1.0,1000,6,1,false,73
724,3593,10836,1000,10836,5994.0,19321,70,1,1,1.0,1000,6,1,false,73
724,3594,10839,1000,10839,5994.0,19321,70,1,1,1.0,1000,6,1,false,73
724,3595,10842,1000,10842,5994.0,19321,70,1,1,1.0,1000,6,1,false,73
724,3596,10845,1000,10845,5994.0,19321,70,1,1,1.0,1000,6,1,false,73
724,3597,10848,1000,10848,5994.0,19321,70,1,1,1.0,1000,6,1,false,73
724,3598,10851,1000,10851,5994.0,19321,70,1,1,1.0,1000,6,1,false,73
724,3599,10854,1000,10854,5994.0,19321,70,1,1,1.0,1000,6,1,false,73
724,3600,10857,1000,10857,5994.0,19321,70,1,1,1.0,1000,6,1,false,73
724,3601,10860,1000,10860,5994.0,19321,70,1,1,1.0,1000,6,1,false,73
724,3602,10863,1000,10863,5994.0,19321,70,1,1,1.0,1000,6,1,false,73
724,3603,10866,1000,10866,5994.0,19321,70,1,1,1.0,1000,6,1,false,73
724,3604,10869,1000,10869,5994.0,19321,70,1,1,1.0,1000,6,1,false,73
724,3605,10872,1000,10872,5994.0,19321,70,1,1,1.0,1000,6,1,false,73
724,3606,10875,1000,10875,5994.0,19321,70,1,1,1.0,1000,6,1,false,73
724,3607,10878,1000,10878,5994.0,19321,70,1,1,1.0,1000,6,1,false,73
724,3608,10881,1000,10881,5994.0,19321,70,1,1,1.0,1000,6,1,false,73
724,3609,10884,1000,10884,5994.0,19321,70,1,1,1.0,1000,6,1,false,73
724,3610,10887,1000,10887,5994.0,19321,70,1,1,1.0,1000,6,1,false,73
724,3611,10890,1000,10890,5994.0,19321,70,1,1,1.0,1000,6,1,false,73
724,3612,10893,1000,10893,5994.0,19321,70,1,1,1.0,1000,6,1,false,73
724,3613,10896,1000,10896,5994.0,19321,70,1,1,1.0,1000,6,1,false,73
724,3614,10899,1000,10899,5994.0,19321,70,1,1,1.0,1000,6,1,false,73
724,3615,10902,1000,10902,5994.0,19321,70,1,1,1.0,1000,6,1,false,73
724,3616,10905,1000,10905,5994.0,19321,70,1,1,1.0,1000,6,1,false,73
724,3618,10911,1000,10911,5994.0,19321,70,1,1,1.0,1000,6,1,false,73
724,3618,10911,1000,10911,5994.0,19321,70,1,1,1.0,1000,6,1,false,73
724,3619,10914,1000,10914,5994.0,19321,70,1,1,1.0,1000,6,1,false,73
724,3620,10917,1000,10917,5994.0,19321,70,1,1,1.0,1000,6,1,false,73
724,3621,10920,1000,10920,5994.0,19321,70,1,1,1.0,1000,6,1,false,73
724,3622,10923,1000,10923,5994.0,19321,70,1,1,1.0,1000,6,1,false,73
724,3623,10926,1000,10926,5994.0,19321,70,1,1,1.0,1000,6,1,false,73
724,3624,10929,1000,10929,5994.0,19321,70,1,1,1.0,1000,6,1,false,73
724,3625,10932,1000,10932,5994.0,19321,70,1,1,1.0,1000,6,1,false,73
724,3626,10935,1000,10935,5994.0,19321,70,1,1,1.0,1000,6,1,false,73
724,3627,10938,1000,10938,5994.0,19321,70,1,1,1.0,1000,6,1,false,73
724,3628,10941,1000,10941,5994.0,19321,70,1,1,1.0,1000,6,1,false,73
724,3629,10944,1000,10944,5994.0,19321,70,1,1,1.0,1000,6,1,false,73
724,3630,10947,1000,10947,5994.0,19321,70,1,1,1.0,1000,6,1,false,73
724,3631,10950,1000,10950,5994.0,19321,70,1,1,1.0,1000,6,1,false,73
724,3632,10953,1000,10953,5994.0,19321,70,1,1,1.0,1000,6,1,false,73
724,3633,10956,1000,10956,5994.0,19321,70,1,1,1.0,1000,6,1,false,73
724,3634,10959,1000,10959,5994.0,19321,70,1,1,1.0,1000,6,1,false,73
724,3635,10962,1000,10962,5994.0,19321,70,1,1,1.0,1000,6,1,false,73
724,3636,10965,1000,10965,5994.0,19321,70,1,1,1.0,1000,6,1,false,73
724,3637,10968,1000,10968,5994.0,19321,70,1,1,1.0,1000,6,1,false,73
724,3638,10971,1000,10971,5994.0,19321,70,1,1,1.0,1000,6,1,false,73
724,3639,10974,1000,10974,5994.0,19321,70,1,1,1.0,1000,6,1,false,73
724,3640,10977,1000,10977,5994.0,19321,70,1,1,1.0,1000,6,1,false,73
724,3642,10983,1000,10983,5994.0,19321,70,1,1,1.0,1000,6,1,false,73
724,3642,10983,1000,10983,5994.0,19321,70,1,1,1.0,1000,6,1,false,73
724,3643,10986,1000,10986,5994.0,19321,70,1,1,1.0,1000,6,1,false,73
724,3644,10989,1000,10989,5994.0,19321,70,1,1,1.0,1000,6,1,false,73
724,3645,10992,1000,10992,5994.0,19321,70,1,1,1.0,1000,6,1,false,73
724,3646,10995,1000,10995,5994.0,19321,70,1,1,1.0,1000,6,1,false,73
724,3647,10998,1000,10998,5994.0,19321,70,1,1,1.0,1000,6,1,false,73
724,3648,11001,1000,11001,5994.0,19321,70,1,1,1.0,1000,6,1,false,73
724,3649,11004,1000,11004,5994.0,19321,70,1,1,1.0,1000,6,1,false,73
724,3650,11007,1000,11007,5994.0,19321,70,1,1,1.0,1000,6,1,false,73
724,3651,11009,1000,11009,5994.0,19321,70,1,1,1.0,1000,6,1,false,73
724,3652,11013,1000,11013,5994.0,19321,70,1,1,1.0,1000,6,1,false,73
724,3653,11016,1000,11016,5994.0,19321,70,1,1,1.0,1000,6,1,false,73
724,3654,11019,1000,11019,5994.0,19321,70,1,1,1.0,1000,6,1,false,73
724,3655,11022,1000,11022,5994.0,19321,70,1,1,1.0,1000,6,1,false,73
724,3657,11028,1000,11028,5994.0,19321,70,1,1,1.0,1000,6,1,false,73
724,3657,11028,1000,11028,5994.0,19321,70,1,1,1.0,1000,6,1,false,73
724,3658,11031,1000,11031,5994.0,19321,70,1,1,1.0,1000,6,1,false,73
724,3659,11034,1000,11034,5994.0,19321,70,1,1,1.0,1000,6,1,false,73
724,3660,11037,1000,11037,5994.0,19321,70,1,1,1.0,1000,6,1,false,73
724,3661,11040,1000,11040,5994.0,19321,70,1,1,1.0,1000,6,1,false,73
724,3662,11043,1000,11043,5994.0,19321,70,1,1,1.0,1000,6,1,false,73
724,3663,11046,1000,11046,5994.0,19321,70,1,1,1.0,1000,6,1,false,73
724,3664,11049,1000,11049,5994.0,19321,70,1,1,1.0,1000,6,1,false,73
724,3665,11052,1000,11052,5994.0,19321,70,1,1,1.0,1000,6,1,false,73
724,3666,11055,1000,11055,5994.0,19321,70,1,1,1.0,1000,6,1,false,73
724,3667,11058,1000,11058,5994.0,19321,70,1,1,1.0,1000,7,1,false,73
724,3668,11061,1000,11061,5994.0,19321,70,1,1,1.0,1000,6,1,false,73
724,3669,11064,1000,11064,5994.0,19321,70,1,1,1.0,1000,6,1,false,73
724,3670,11067,1000,11067,5994.0,19321,70,1,1,1.0,1000,6,1,false,73
724,3671,11070,1000,11070,5994.0,19321,70,1,1,1.0,1000,6,1,false,73
724,3672,11073,1000,11073,5994.0,19321,70,1,1,1.0,1000,6,1,false,73
724,3673,11076,1000,11076,5994.0,19321,70,1,1,1.0,1000,6,1,false,73
724,3674,11079,1000,11079,5994.0,19321,70,1,1,1.0,1000,6,1,false,73
724,3675,11082,1000,11082,5994.0,19321,70,1,1,1.0,1000,6,1,false,73
724,3676,11085,1000,11085,5994.0,19321,70,1,1,1.0,1000,6,1,false,73
724,3677,11088,1000,11088,5994.0,19321,70,1,1,1.0,1000,6,1,false,73
724,3678,11091,1000,11091,5994.0,19321,70,1,1,1.0,1000,6,1,false,73
724,3679,11094,1000,11094,5994.0,19321,70,1,1,1.0,1000,6,1,false,73
724,3680,11097,1000,11097,5994.0,19321,70,1,1,1.0,1000,6,1,false,73
724,3681,11100,1000,11100,5994.0,19321,70,1,1,1.0,1000,6,1,false,73
724,3682,11103,1000,11103,5994.0,19321,70,1,1,1.0,1000,6,1,false,73
724,3683,11106,1000,11106,5994.0,19321,70,1,1,1.0,1000,6,1,false,73
724,3684,11109,1000,11109,5994.0,19321,70,1,1,1.0,1000,6,1,false,73
724,3685,11112,1000,11112,5994.0,19321,70,1,1,1.0,1000,6,1,false,73
724,3686,11115,1000,11115,5994.0,19321,70,1,1,1.0,1000,6,1,false,73
724,3687,11118,1000,11118,5994.0,19321,70,1,1,1.0,1000,6,1,false,73
724,3688,11121,1000,11121,5994.0,19321,70,1,1,1.0,1000,6,1,false,73
724,3689,11124,1000,11124,5994.0,19321,70,1,1,1.0,1000,6,1,false,73
724,3690,11127,1000,11127,5994.0,19321,70,1,1,1.0,1000,6,1,false,73
724,3691,11130,1000,11130,5994.0,19321,70,1,1,1.0,1000,6,1,false,73
724,3692,11134,1000,11134,5994.0,19321,70,1,1,1.0,1000,6,1,false,73
724,3693,11137,1000,11137,5994.0,19321,70,1,1,1.0,1000,6,1,false,73
724,3694,11140,1000,11140,5994.0,19321,70,1,1,1.0,1000,6,1,false,73
724,3695,11143,1000,11143,5994.0,19321,70,1,1,1.0,1000,6,1,false,73
724,3696,11146,1000,11146,5994.0,19321,70,1,1,1.0,1000,6,1,false,73
724,3697,11149,1000,11149,5994.0,19321,70,1,1,1.0,1000,6,1,false,73
724,3698,11152,1000,11152,5994.0,19321,70,1,1,1.0,1000,6,1,false,73
724,3699,11155,1000,11155,5994.0,19321,70,1,1,1.0,1000,6,1,false,73
724,3700,11158,1000,11158,5994.0,19321,70,1,1,1.0,1000,6,1,false,73
724,3701,11161,1000,11161,5994.0,19321,70,1,1,1.0,1000,6,1,false,73
724,3702,11165,1000,11165,5994.0,19321,70,1,1,1.0,1000,6,1,false,73
724,3703,11168,1000,11168,5994.0,19321,70,1,1,1.0,1000,6,1,false,73
724,3704,11171,1000,11171,5994.0,19321,70,1,1,1.0,1000,6,1,false,73
724,3705,11174,1000,11174,5994.0,19321,70,1,1,1.0,1000,6,1,false,73
724,3706,11177,1000,11177,5994.0,19321,70,1,1,1.0,1000,6,1,false,73
724,3707,11180,1000,11180,5994.0,19321,70,1,1,1.0,1000,6,1,false,73
724,3708,11183,1000,11183,5994.0,19321,70,1,1,1.0,1000,6,1,false,73
724,3709,11186,1000,11186,5994.0,19321,70,1,1,1.0,1000,6,1,false,73
724,3710,11189,1000,11189,5994.0,19321,70,1,1,1.0,1000,6,1,false,73
724,3711,11192,1000,11192,5994.0,19321,70,1,1,1.0,1000,6,1,false,73
724,3712,11195,1000,11195,5994.0,19321,70,1,1,1.0,1000,6,1,false,73
724,3713,11198,1000,11198,5994.0,19321,70,1,1,1.0,1000,6,1,false,73
724,3714,11201,1000,11201,5994.0,19321,70,1,1,1.0,1000,6,1,false,73
724,3715,11204,1000,11204,5994.0,19321,70,1,1,1.0,1000,6,1,false,73
724,3716,11207,1000,11207,5994.0,19321,70,1,1,1.0,1000,6,1,false,73
724,3717,11210,1000,11210,5994.0,19321,70,1,1,1.0,1000,6,1,false,73
724,3718,11213,1000,11213,5994.0,19321,70,1,1,1.0,1000,6,1,false,73
724,3719,11216,1000,11216,5994.0,19321,70,1,1,1.0,1000,6,1,false,73
724,3720,11219,1000,11219,5994.0,19321,70,1,1,1.0,1000,6,1,false,73
724,3721,11222,1000,11222,5994.0,19321,70,1,1,1.0,1000,6,1,false,73
724,3722,11225,1000,11225,5994.0,19321,70,1,1,1.0,1000,6,1,false,73
724,3723,11228,1000,11228,5994.0,19321,70,1,1,1.0,1000,6,1,false,73
724,3724,11231,1000,11231,5994.0,19321,70,1,1,1.0,1000,6,1,false,73
724,3725,11234,1000,11234,5994.0,19321,70,1,1,1.0,1000,6,1,false,73
724,3726,11237,1000,11237,5994.0,19321,70,1,1,1.0,1000,6,1,false,73
724,3727,11240,1000,11240,5994.0,19321,70,1,1,1.0,1000,6,1,false,73
724,3728,11243,1000,11243,5994.0,19321,70,1,1,1.0,1000,6,1,false,73
724,3729,11246,1000,11246,5994.0,19321,70,1,1,1.0,1000,6,1,false,73
724,3730,11249,1000,11249,5994.0,19321,70,1,1,1.0,1000,6,1,false,73
724,3731,11252,1000,11252,5994.0,19321,70,1,1,1.0,1000,6,1,false,73
724,3732,11255,1000,11255,5994.0,19321,70,1,1,1.0,1000,6,1,false,73
724,3733,11258,1000,11258,5994.0,19321,70,1,1,1.0,1000,6,1,false,73
724,3734,11261,1000,11261,5994.0,19321,70,1,1,1.0,1000,6,1,false,73
724,3735,11264,1000,11264,5994.0,19321,70,1,1,1.0,1000,6,1,false,73
724,3736,11267,1000,11267,5994.0,19321,70,1,1,1.0,1000,6,1,false,73
724,3737,11270,1000,11270,5994.0,19321,70,1,1,1.0,1000,6,1,false,73
724,3738,11273,1000,11273,5994.0,19321,70,1,1,1.0,1000,6,1,false,73
724,3739,11276,1000,11276,5994.0,19321,70,1,1,1.0,1000,6,1,false,73
724,3740,11279,1000,11279,5994.0,19321,70,1,1,1.0,1000,6,1,false,73
724,3741,11282,1000,11282,5994.0,19321,70,1,1,1.0,1000,6,1,false,73
724,3742,11285,1000,11285,5994.0,19321,70,1,1,1.0,1000,6,1,false,73
724,3743,11288,1000,11288,5994.0,19321,70,1,1,1.0,1000,6,1,false,73
724,3744,11291,1000,11291,5994.0,19321,70,1,1,1.0,1000,6,1,false,73
724,3745,11294,1000,11294,5994.0,19321,70,1,1,1.0,1000,6,1,false,73
724,3746,11297,1000,11297,5994.0,19321,70,1,1,1.0,1000,6,1,false,73
724,3748,11303,1000,11303,5994.0,19321,70,1,1,1.0,1000,6,1,false,73
724,3748,11303,1000,11303,5994.0,19321,70,1,1,1.0,1000,6,1,false,73
724,3749,11306,1000,11306,5994.0,19321,70,1,1,1.0,1000,6,1,false,73
724,3750,11309,1000,11309,5994.0,19321,70,1,1,1.0,1000,6,1,false,73
724,3751,11312,1000,11312,5994.0,19321,70,1,1,1.0,1000,6,1,false,73
724,3753,11318,1000,11318,5994.0,19321,70,1,1,1.0,1000,6,1,false,73
724,3753,11318,1000,11318,5994.0,19321,70,1,1,1.0,1000,6,1,false,73
724,3754,11321,1000,11321,5994.0,19321,70,1,1,1.0,1000,6,1,false,73
724,3755,11324,1000,11324,5994.0,19321,70,1,1,1.0,1000,6,1,false,73
724,3756,11327,1000,11327,5994.0,19321,70,1,1,1.0,1000,6,1,false,73
724,3757,11330,1000,11330,5994.0,19321,70,1,1,1.0,1000,6,1,false,73
724,3758,11333,1000,11333,5994.0,19321,70,1,1,1.0,1000,6,1,false,73
724,3759,11336,1000,11336,5994.0,19321,70,1,1,1.0,1000,6,1,false,73
724,3760,11339,1000,11339,5994.0,19321,70,1,1,1.0,1000,6,1,false,73
724,3761,11342,1000,11342,5994.0,19321,70,1,1,1.0,1000,6,1,false,73
724,3762,11346,1000,11346,5994.0,19321,70,1,1,1.0,1000,7,1,false,73
724,3763,11349,1000,11349,5994.0,19321,70,1,1,1.0,1000,6,1,false,73
724,3764,11352,1000,11352,5994.0,19321,70,1,1,1.0,1000,6,1,false,73
724,3765,11355,1000,11355,5994.0,19321,70,1,1,1.0,1000,6,1,false,73
724,3766,11358,1000,11358,5994.0,19321,70,1,1,1.0,1000,6,1,false,73
724,3767,11361,1000,11361,5994.0,19321,70,1,1,1.0,1000,6,1,false,73
724,3768,11364,1000,11364,5994.0,19321,70,1,1,1.0,1000,6,1,false,73
724,3769,11367,1000,11367,5994.0,19321,70,1,1,1.0,1000,6,1,false,73
724,3770,11370,1000,11370,5994.0,19321,70,1,1,1.0,1000,6,1,false,73
724,3771,11373,1000,11373,5994.0,19321,70,1,1,1.0,1000,6,1,false,73
724,3772,11376,1000,11376,5994.0,19321,70,1,1,1.0,1000,6,1,false,73
724,3773,11379,1000,11379,5994.0,19321,70,1,1,1.0,1000,6,1,false,73
724,3774,11382,1000,11382,5994.0,19321,70,1,1,1.0,1000,6,1,false,73
724,3775,11386,1000,11386,5994.0,19321,70,1,1,1.0,1000,7,1,false,73
724,3776,11389,1000,11389,5994.0,19321,70,1,1,1.0,1000,6,1,false,73
724,3777,11392,1000,11392,5994.0,19321,70,1,1,1.0,1000,6,1,false,73
724,3778,11395,1000,11395,5994.0,19321,70,1,1,1.0,1000,6,1,false,73
724,3779,11398,1000,11398,5994.0,19321,70,1,1,1.0,1000,6,1,false,73
724,3780,11401,1000,11401,5994.0,19321,70,1,1,1.0,1000,6,1,false,73
724,3781,11405,1000,11405,5994.0,19321,70,1,1,1.0,1000,6,1,false,73
724,3782,11408,1000,11408,5994.0,19321,70,1,1,1.0,1000,6,1,false,73
724,3783,11411,1000,11411,5994.0,19321,70,1,1,1.0,1000,6,1,false,73
724,3784,11414,1000,11414,5994.0,19321,70,1,1,1.0,1000,6,1,false,73
724,3785,11417,1000,11417,5994.0,19321,70,1,1,1.0,1000,6,1,false,73
724,3786,11420,1000,11420,5994.0,19321,70,1,1,1.0,1000,6,1,false,73
724,3787,11423,1000,11423,5994.0,19321,70,1,1,1.0,1000,6,1,false,73
724,3788,11426,1000,11426,5994.0,19321,70,1,1,1.0,1000,6,1,false,73
724,3789,11429,1000,11429,5994.0,19321,70,1,1,1.0,1000,6,1,false,73
724,3790,11432,1000,11432,5994.0,19321,70,1,1,1.0,1000,6,1,false,73
724,3791,11435,1000,11435,5994.0,19321,70,1,1,1.0,1000,6,1,false,73
724,3792,11438,1000,11438,5994.0,19321,70,1,1,1.0,1000,6,1,false,73
724,3793,11441,1000,11441,5994.0,19321,70,1,1,1.0,1000,6,1,false,73
724,3794,11444,1000,11444,5994.0,19321,70,1,1,1.0,1000,6,1,false,73
724,3795,11447,1000,11447,5994.0,19321,70,1,1,1.0,1000,6,1,false,73
724,3796,11450,1000,11450,5994.0,19321,70,1,1,1.0,1000,6,1,false,73
724,3797,11453,1000,11453,5994.0,19321,70,1,1,1.0,1000,6,1,false,73
724,3798,11456,1000,11456,5994.0,19321,70,1,1,1.0,1000,6,1,false,73
724,3799,11459,1000,11459,5994.0,19321,70,1,1,1.0,1000,6,1,false,73
724,3800,11462,1000,11462,5994.0,19321,70,1,1,1.0,1000,6,1,false,73
724,3801,11465,1000,11465,5994.0,19321,70,1,1,1.0,1000,6,1,false,73
724,3802,11468,1000,11468,5994.0,19321,70,1,1,1.0,1000,6,1,false,73
724,3803,11471,1000,11471,5994.0,19321,70,1,1,1.0,1000,6,1,false,73
724,3804,11474,1000,11474,5994.0,19321,70,1,1,1.0,1000,6,1,false,73
724,3805,11477,1000,11477,5994.0,19321,70,1,1,1.0,1000,6,1,false,73
724,3806,11480,1000,11480,5994.0,19321,70,1,1,1.0,1000,6,1,false,73
724,3807,11483,1000,11483,5994.0,19321,70,1,1,1.0,1000,6,1,false,73
724,3808,11486,1000,11486,5994.0,19321,70,1,1,1.0,1000,6,1,false,73
724,3809,11489,1000,11489,5994.0,19321,70,1,1,1.0,1000,6,1,false,73
724,3810,11492,1000,11492,5994.0,19321,70,1,1,1.0,1000,6,1,false,73
724,3811,11496,1000,11496,5994.0,19321,70,1,1,1.0,1000,7,1,false,73
724,3812,11499,1000,11499,5994.0,19321,70,1,1,1.0,1000,6,1,false,73
724,3813,11502,1000,11502,5994.0,19321,70,1,1,1.0,1000,6,1,false,73
724,3814,11505,1000,11505,5994.0,19321,70,1,1,1.0,1000,6,1,false,73
724,3815,11508,1000,11508,5994.0,19321,70,1,1,1.0,1000,6,1,false,73
724,3816,11511,1000,11511,5994.0,19321,70,1,1,1.0,1000,6,1,false,73
724,3817,11514,1000,11514,5994.0,19321,70,1,1,1.0,1000,6,1,false,73
